00000000000000000110000000000000    00000000000000011110000000000000    00000000000000011100000000000000    00000000000000011000000000000000    00000000000011100000000000000000    00000000000001110000000000000000    00000000000000111000000000000000    
00000000000000011111000000000000    00000000000000011111000000000000    00000000000000111110000000000000    00000000000001111110000000000000    00000000000111110000000000000000    00000000000011111100000000000000    00000000000011111110000000000000    
00000000000000011111100000000000    00000000000000111111000000000000    00000000000001111111000000000000    00000000000011111110000000000000    00000000000111111000000000000000    00000000000111111110000000000000    00000000001111111111000000000000    
00000000000000111111000000000000    00000000000001111111000000000000    00000000000011111111000000000000    00000000000111111110000000000000    00000000001111111000000000000000    00000000001111111111000000000000    00000000001111111111100000000000    
00000000000001111111000000000000    00000000000011111111000000000000    00000000000011111111000000000000    00000000001111111110000000000000    00000000001111110000000000000000    00000000011111111111100000000000    00000000011111111111110000000000    
00000000000001111110000000000000    00000000000011111110000000000000    00000000000111111110000000000000    00000000001111111000000000000000    00000000011111100000000000000000    00000000011111111111110000000000    00000000111111111111111000000000    
00000000000011111110000000000000    00000000000111111100000000000000    00000000000111111100000000000000    00000000001111110000000000000000    00000000011111100000000000000000    00000000011111111111110000000000    00000000111111111111111000000000    
00000000000011111100000000000000    00000000000111111000000000000000    00000000001111111000000000000000    00000000011111100000000000000000    00000000111111000000000000000000    00000000111111000001111000000000    00000000111111000011111100000000    
00000000000111111000000000000000    00000000001111111000000000000000    00000000011111110000000000000000    00000000011111000000000000000000    00000000111111000000000000000000    00000000111110000001111100000000    00000001111110000001111100000000    
00000000001111111000000000000000    00000000001111110000000000000000    00000000011111110000000000000000    00000000111111000000000000000000    00000000111110000000000000000000    00000001111110000000111100000000    00000001111100000000111110000000    
00000000001111110000001100000000    00000000011111110000000000000000    00000000011111100000000000000000    00000000111111000000000000000000    00000001111110000000000000000000    00000001111100000000011110000000    00000001111100000000011110000000    
00000000011111100000011110000000    00000000011111100000000000000000    00000000011111100000000000000000    00000000111110000000000000000000    00000001111100000000000000000000    00000001111100000000011110000000    00000001111100000000011110000000    
00000000111111100000011110000000    00000000111111100000000000000000    00000000011111000000000000000000    00000000111110000000000000000000    00000001111100000000000000000000    00000001111100000000001110000000    00000001111000000000011110000000    
00000000111111000000111110000000    00000000111111000000000000000000    00000000111111000000000000000000    00000000111110000000000000000000    00000001111100000000000000000000    00000001111100000000001110000000    00000001111000000000001111000000    
00000001111111000000111110000000    00000000111111000000000100000000    00000000111111000000000000000000    00000001111110000000000000000000    00000001111100000000000000000000    00000001111000000000001111000000    00000001111000000000001111000000    
00000011111110000011111110000000    00000001111111000000111100000000    00000000111111000000000000000000    00000001111110000000000000000000    00000001111100000000000000000000    00000001111000000000001111000000    00000001111000000000001111000000    
00000011111111000111111110000000    00000001111111000011111100000000    00000000111111000000000000000000    00000001111110000000000000000000    00000001111100000000000000000000    00000001111000000000001111000000    00000001111000000000001111000000    
00000011111111101111111110000000    00000001111111000111111100000000    00000000111111000000000000000000    00000001111110111111000000000000    00000001111100011111001100000000    00000001111000000000001111000000    00000011111000000000001111000000    
00000011111111111111111110000000    00000001111111111111111110000000    00000000111111111111110000000000    00000001111111111111111000000000    00000001111111111111111100000000    00000001111000000000011111000000    00000011111000000000011111000000    
00000011111111111111111110000000    00000001111111111111111110000000    00000000111111111111111100000000    00000001111111111111111110000000    00000001111111111111111110000000    00000001111000000000011111000000    00000001111000000000011111000000    
00000011111111111111111110000000    00000001111111111111111110000000    00000000111111111111111110000000    00000001111111111111111110000000    00000001111111111111111111000000    00000001111100000000011111000000    00000001111000000000011111000000    
00000001111111111111111100000000    00000000111111111111111100000000    00000000111111111111111110000000    00000001111111111111111111000000    00000001111111111111111111000000    00000001111100000000011111000000    00000001111100000000011111000000    
00000000111111111111111000000000    00000000111111111111111100000000    00000000111111111111111111000000    00000000111111111100111111000000    00000001111111110000011111000000    00000001111100000000011111000000    00000001111100000000011110000000    
00000000011111111111111000000000    00000000011111111111111000000000    00000000011111111111111111100000    00000000111111110000011111100000    00000001111111100000011111000000    00000000111110000000011111000000    00000001111100000000111110000000    
00000000000000011111110000000000    00000000001111111111110000000000    00000000011111111000000111100000    00000000111111100000011111100000    00000000111111100000011111100000    00000000111111000000111110000000    00000000111110000001111110000000    
00000000000000011111110000000000    00000000000000111111110000000000    00000000001111110000001111110000    00000000011111100000011111100000    00000000111111100000111111000000    00000000111111100111111110000000    00000000111111001111111100000000    
00000000000000011111100000000000    00000000000000111111100000000000    00000000001111111000011111110000    00000000011111111000111111100000    00000000011111111111111111000000    00000000011111111111111110000000    00000000111111111111111100000000    
00000000000000011111100000000000    00000000000000111111110000000000    00000000000111111111111111110000    00000000001111111111111111100000    00000000011111111111111110000000    00000000011111111111111100000000    00000000011111111111111000000000    
00000000000000011111100000000000    00000000000000111111110000000000    00000000000011111111111111100000    00000000000111111111111111000000    00000000001111111111111110000000    00000000001111111111111100000000    00000000001111111111110000000000    
00000000000000011111100000000000    00000000000000111111100000000000    00000000000001111111111111000000    00000000000011111111111110000000    00000000000111111111111000000000    00000000000111111111111000000000    00000000001111111111100000000000    
00000000000000011111000000000000    00000000000000111111100000000000    00000000000000111111111110000000    00000000000001111111111100000000    00000000000011111111111000000000    00000000000011111111110000000000    00000000000011111111000000000000    
00000000000000011111000000000000    00000000000000001111000000000000    00000000000000000111111000000000    00000000000000001111100000000000    00000000000000111111000000000000    00000000000000111111000000000000    00000000000000111100000000000000    


00000000000000000011100000000000    00000000000000001110000000000000    00000000000000011100000000000000    00000000000000011000000000000000    00000000000001000000000000000000    00000000000001110000000000000000    00000000000001110000000000000000    
00000000000000001111110000000000    00000000000000011111000000000000    00000000000000111111000000000000    00000000000001111110000000000000    00000000000011111100000000000000    00000000000111111100000000000000    00000000000111111100000000000000    
00000000000000011111110000000000    00000000000000111111100000000000    00000000000001111111100000000000    00000000000111111111000000000000    00000000001111111100000000000000    00000000001111111110000000000000    00000000001111111110000000000000    
00000000000000111111110000000000    00000000000001111111100000000000    00000000000011111111100000000000    00000000000111111111100000000000    00000000001111111110000000000000    00000000001111111111000000000000    00000000011111111111000000000000    
00000000000000111111110000000000    00000000000011111111110000000000    00000000000111111111100000000000    00000000001111111111100000000000    00000000011111111110000000000000    00000000011111111111100000000000    00000000111111111111100000000000    
00000000000001111111110000000000    00000000000011111111100000000000    00000000001111111111000000000000    00000000001111111100000000000000    00000000011111110000000000000000    00000000111111111111100000000000    00000000111111111111110000000000    
00000000000011111111110000000000    00000000000111111111100000000000    00000000001111111100000000000000    00000000011111110000000000000000    00000000011111100000000000000000    00000000111111111111110000000000    00000000111111111111110000000000    
00000000000011111111110000000000    00000000000111111111100000000000    00000000001111111000000000000000    00000000011111100000000000000000    00000000111111000000000000000000    00000000111111000111110000000000    00000001111111111111111000000000    
00000000000111111111111000000000    00000000001111111111000000000000    00000000011111110000000000000000    00000000111111000000000000000000    00000000111110000000000000000000    00000000111110000001111000000000    00000001111110001111111000000000    
00000000000111111111111000000000    00000000001111111101100000000000    00000000011111110000000000000000    00000000111111000000000000000000    00000000111110000000000000000000    00000001111100000000111000000000    00000001111100000000111100000000    
00000000001111111111111000000000    00000000011111111111100000000000    00000000011111100000000000000000    00000000111111000000000000000000    00000001111110000000000000000000    00000001111100000000011100000000    00000001111100000000011100000000    
00000000001111111111111100000000    00000000011111111111110000000000    00000000011111100000000000000000    00000000111111000000000000000000    00000001111110000000000000000000    00000001111000000000001100000000    00000001111000000000001100000000    
00000000011111111111111100000000    00000000011111111111110000000000    00000000111111100000000000000000    00000000111111000000000000000000    00000001111110000000000000000000    00000001111000000000000100000000    00000001111000000000001110000000    
00000000011111111111111100000000    00000000011111111011110000000000    00000000111111100000000000000000    00000000111111000000000000000000    00000001111100000000000000000000    00000001111000000000000100000000    00000001111000000000000110000000    
00000000111111111111111100000000    00000000111111111111110000000000    00000000111111100000000000000000    00000000111111101100000000000000    00000001111100000000000000000000    00000001111000000000000110000000    00000001111000000000000110000000    
00000001111111111111111100000000    00000000111111111111111000000000    00000000111111100000000000000000    00000000111111111111000000000000    00000001111110011100000000000000    00000001111000000000000110000000    00000001111000000000000111000000    
00000001111111111111111100000000    00000000111111111111111000000000    00000000111111111111000000000000    00000000111111111111100000000000    00000001111111111111000000000000    00000001111000000000000110000000    00000001110000000000000110000000    
00000001111111111111111100000000    00000000111111111111111000000000    00000000111111111111000000000000    00000001111111111111110000000000    00000001111111111111101000000000    00000001111000000000000110000000    00000001110000000000000110000000    
00000001111111111111111100000000    00000000111111111111111000000000    00000000111111111111100000000000    00000000111111111111111000000000    00000001111111111111111100000000    00000001111000000000000110000000    00000001110000000000001110000000    
00000001111111111111111100000000    00000000111111111111111000000000    00000000111111111111111000000000    00000000111111111111111110000000    00000001111111111111111110000000    00000001111100000000001110000000    00000001111000000000001110000000    
00000000111111111111111100000000    00000000111111111111111000000000    00000000111111111111111100000000    00000000111111111111111110000000    00000001111111111001111110000000    00000001111110000000001110000000    00000001111000000000001110000000    
00000000011111111111111000000000    00000000111111111111111000000000    00000000111111111111111100000000    00000000111111110101111111000000    00000001111111100000011111000000    00000001111110000000001111000000    00000001111100000000001110000000    
00000000000111111111111000000000    00000000011111111111111000000000    00000000111111111111111110000000    00000000111111100000111111000000    00000001111111100000011111000000    00000000111111000000001110000000    00000000111100000000011110000000    
00000000000000111111111000000000    00000000011111111111111000000000    00000000111111111111111110000000    00000000111111000000011111000000    00000000111111000000011111000000    00000000111111000000011110000000    00000000111110000000011110000000    
00000000000000011111111000000000    00000000001111111111110000000000    00000000011111100001111110000000    00000000111111000000111111000000    00000000111111000000111111000000    00000000111111000000111110000000    00000000111111000001111110000000    
00000000000000011111111000000000    00000000001111111111110000000000    00000000011111100000111110000000    00000000011111100000111111000000    00000000111111100000111111000000    00000000111111111111111110000000    00000000111111111111111110000000    
00000000000000011111111000000000    00000000000111111111111000000000    00000000001111111111111110000000    00000000011111110001111111000000    00000000011111111111111111000000    00000000011111111111111110000000    00000000111111111111111110000000    
00000000000000011111111000000000    00000000000011111111111000000000    00000000001111111111111110000000    00000000001111111111111110000000    00000000011111111111111110000000    00000000011111111111111110000000    00000000011111111111111100000000    
00000000000000011111111000000000    00000000000001111111111000000000    00000000000111111111111110000000    00000000000111111111111110000000    00000000001111111111111110000000    00000000001111111111111100000000    00000000011111111111111100000000    
00000000000000011111111000000000    00000000000000111111111000000000    00000000000011111111111100000000    00000000000011111111111100000000    00000000001111111111111000000000    00000000001111111111111000000000    00000000001111111111110000000000    
00000000000000011111110000000000    00000000000000111111110000000000    00000000000000111111111000000000    00000000000001111111111000000000    00000000000011111111111000000000    00000000000111111111110000000000    00000000000111111111100000000000    
00000000000000000111000000000000    00000000000000000111000000000000    00000000000000001111000000000000    00000000000000001111000000000000    00000000000000111111000000000000    00000000000000111110000000000000    00000000000001111100000000000000    


00000000000000000000000000000000    00000000000000000000000000000000    00000000000000011100000000000000    00000000000000011100000000000000    00000000000000111000000000000000    00000000000011111000000000000000    00000000001111100000000000000000    
00000000000001111111000000000000    00000000000011111111000000000000    00000000000011111111000000000000    00000000000011111111100000000000    00000000000111111111000000000000    00000000001111111100000000000000    00000000011111111000000000000000    
00000000000011111111100000000000    00000000000111111111110000000000    00000000001111111111110000000000    00000000001111111111110000000000    00000000001111111111100000000000    00000000011111111110000000000000    00000000111111111100000000000000    
00000000000011111111110000000000    00000000001111111111110000000000    00000000011111111111111000000000    00000000011111111111111000000000    00000000011111111111110000000000    00000000111111111111000000000000    00000000111111111100000000000000    
00000000000011111111110000000000    00000000001111111111110000000000    00000000011111111111111000000000    00000000111111111111111000000000    00000000111111111111110000000000    00000000111111111111000000000000    00000001111111111110000000000000    
00000000000111111111110000000000    00000000001111111111111000000000    00000000111111111111111100000000    00000000111111111111111100000000    00000000111111111111111000000000    00000001111111111111000000000000    00000001111111111110000000000000    
00000000000111111111110000000000    00000000001111111111111000000000    00000000111111111011111000000000    00000001111111000001111100000000    00000001111111000001111000000000    00000001111111111111000000000000    00000001111111111110000000000000    
00000000000111111111110000000000    00000000001111111111111000000000    00000000111111100001111100000000    00000001111110000000111100000000    00000001111110000001111000000000    00000001111110011111100000000000    00000001111100111111000000000000    
00000000000111111111110000000000    00000000001111111111111000000000    00000000111111100001111100000000    00000001111110000000111100000000    00000001111100000001111000000000    00000001111100011111100000000000    00000001111000111111000000000000    
00000000000111111111110000000000    00000000001111111111110000000000    00000000111111100001111100000000    00000000111110000000111100000000    00000000111100000001111000000000    00000000111000011111100000000000    00000001111000111111000000000000    
00000000001111111111110000000000    00000000011111111111110000000000    00000000111111100011111000000000    00000000111110000001111100000000    00000000111100000011111000000000    00000000100000011111000000000000    00000001110000111111000000000000    
00000000001111111111110000000000    00000000011111111111111000000000    00000000111111111111111000000000    00000000111111000011111100000000    00000000111100001111110000000000    00000000000000011111000000000000    00000000100000111110000000000000    
00000000001111111111110000000000    00000000011111111111110000000000    00000000111111111111111000000000    00000000111111111111111000000000    00000000011111111111100000000000    00000000000000011111000000000000    00000000000000111110000000000000    
00000000001111111111110000000000    00000000011111111111110000000000    00000000111111111111110000000000    00000000111111111111111000000000    00000000011111111111100000000000    00000000000000111111000000000000    00000000000000111110000000000000    
00000000001111111111110000000000    00000000011111111111110000000000    00000000011111111111110000000000    00000000011111111111100000000000    00000000001111111111100000000000    00000000000000111110000000000000    00000000000000111110000000000000    
00000000001111111111110000000000    00000000001111111111110000000000    00000000011111111111100000000000    00000000001111111111100000000000    00000000000111111111000000000000    00000000000001111110000000000000    00000000000000111110000000000000    
00000000001111111111100000000000    00000000001111111111100000000000    00000000001111111111100000000000    00000000001111111111100000000000    00000000000111111111000000000000    00000000000001111110000000000000    00000000000001111110000000000000    
00000000001111111111100000000000    00000000001111111111100000000000    00000000001111111111000000000000    00000000001111111111100000000000    00000000000111111111000000000000    00000000000001111100000000000000    00000000000001111100000000000000    
00000000001111111111100000000000    00000000011111111111100000000000    00000000001111111111000000000000    00000000001111111111100000000000    00000000000111111111000000000000    00000000000011111100000000000000    00000000000011111100000000000000    
00000000001111111111110000000000    00000000011111111111110000000000    00000000011111111111100000000000    00000000011111111111110000000000    00000000001111111111000000000000    00000000000111111000000000000000    00000000000011111100000000000000    
00000000001111111111110000000000    00000000011111111111110000000000    00000000011111111111100000000000    00000000011111111111110000000000    00000000011111111000000000000000    00000000000111111000000000000000    00000000000011111000000000000000    
00000000001111111111110000000000    00000000011111111111100000000000    00000000111111111111100000000000    00000000111111000111111000000000    00000000011111100000000000000000    00000000001111110000000000000000    00000000000111111000000000000000    
00000000001111111111110000000000    00000000011111111111100000000000    00000000111111111111110000000000    00000000111110000011111100000000    00000000011111000000011000000000    00000000001111100000000000000000    00000000001111110000000000000000    
00000000001111111111110000000000    00000000011111111111100000000000    00000000111111011111110000000000    00000000111110000001111100000000    00000000111111000000011100000000    00000000011111100000000000000000    00000000011111110000000000000000    
00000000001111111111110000000000    00000000011111111111100000000000    00000000111111000111110000000000    00000000111110000001111110000000    00000000111111000000111110000000    00000000011111100000000000000000    00000000011111111100001000000000    
00000000001111111111110000000000    00000000011111111111100000000000    00000000111111000111111000000000    00000000111110000001111110000000    00000000111111000000111110000000    00000000011111111111111100000000    00000000111111111111111110000000    
00000000000111111111110000000000    00000000001111111111110000000000    00000000011111111111111000000000    00000000111111000111111110000000    00000000111111000111111110000000    00000000111111111111111110000000    00000000111111111111111111000000    
00000000000111111111110000000000    00000000001111111111110000000000    00000000011111111111111000000000    00000000011111111111111100000000    00000000011111111111111110000000    00000000111111111111111111000000    00000000111111111111111111000000    
00000000000111111111111000000000    00000000001111111111110000000000    00000000001111111111110000000000    00000000011111111111111100000000    00000000011111111111111110000000    00000000011111111111111111000000    00000000111111111111111111000000    
00000000000011111111111000000000    00000000000111111111110000000000    00000000001111111111110000000000    00000000001111111111111000000000    00000000001111111111111100000000    00000000011111111111111110000000    00000000111111111111111111000000    
00000000000000111111100000000000    00000000000001111111100000000000    00000000000011111111100000000000    00000000000111111111100000000000    00000000000111111111110000000000    00000000001111111111111000000000    00000000011111111111111100000000    
00000000000000000000000000000000    00000000000000000000000000000000    00000000000000111100000000000000    00000000000000111100000000000000    00000000000001111110000000000000    00000000000011111111000000000000    00000000001111111110000000000000    


00000000000001111000000000000000    00000000000000111100000000000000    00000000000000011110000000000000    00000000000000011110000000000000    00000000000001111110000000000000    00000000000011111000000000000000    00000000000111110000000000000000    
00000000000011111110000000000000    00000000000111111111000000000000    00000000000111111111100000000000    00000000000111111111110000000000    00000000000111111111110000000000    00000000001111111110000000000000    00000000011111111000000000000000    
00000000000111111111000000000000    00000000001111111111100000000000    00000000011111111111110000000000    00000000011111111111111000000000    00000000011111111111111000000000    00000000011111111111000000000000    00000000111111111100000000000000    
00000000000111111111100000000000    00000000001111111111110000000000    00000000011111111111111000000000    00000000011111111111111100000000    00000000111111111111111000000000    00000000111111111111100000000000    00000000111111111110000000000000    
00000000001111111111110000000000    00000000011111111111110000000000    00000000111111111111111100000000    00000000111111111111111100000000    00000000111111111111111100000000    00000000111111111111100000000000    00000000111111111111000000000000    
00000000001111111111110000000000    00000000011111111111110000000000    00000000111111111111111100000000    00000000111111111111111100000000    00000001111111111111111100000000    00000001111111111111110000000000    00000001111111111111000000000000    
00000000001111111111100000000000    00000000011111111111111000000000    00000001111111100001111100000000    00000001111111000000111100000000    00000001111111000011111100000000    00000001111111111111110000000000    00000001111111111111100000000000    
00000000001111111111100000000000    00000000011111111111111000000000    00000001111110000001111100000000    00000001111110000000011100000000    00000001111100000001111000000000    00000001111100001111110000000000    00000001111110011111100000000000    
00000000001111111111100000000000    00000000011111111111110000000000    00000001111100000000111100000000    00000001111100000000011100000000    00000001111000000001111000000000    00000000111000001111110000000000    00000001111100001111100000000000    
00000000001111111111100000000000    00000000011111111111110000000000    00000001111100000000111100000000    00000001111100000000111100000000    00000000111000000011111000000000    00000000110000001111110000000000    00000000111000001111100000000000    
00000000000111111111100000000000    00000000011111111111110000000000    00000001111100000001111000000000    00000001111100000001111000000000    00000000011000000111110000000000    00000000000000001111110000000000    00000000110000001111100000000000    
00000000001111111111100000000000    00000000011111111111110000000000    00000001111110000011110000000000    00000001111110000011110000000000    00000000001000001111110000000000    00000000000000011111100000000000    00000000000000001111100000000000    
00000000001111111111000000000000    00000000011111111111100000000000    00000001111111011111111000000000    00000001111111111111110000000000    00000000000111111111100000000000    00000000000000011111100000000000    00000000000000001111100000000000    
00000000001111111111000000000000    00000000011111111111100000000000    00000001111111111111110000000000    00000000111111111111100000000000    00000000000111111111100000000000    00000000000000011111100000000000    00000000000000001111100000000000    
00000000001111111111000000000000    00000000011111111111100000000000    00000000111111111111100000000000    00000000111111111111100000000000    00000000000111111111000000000000    00000000000000111111000000000000    00000000000000001111100000000000    
00000000001111111111100000000000    00000000011111111111100000000000    00000000011111111111000000000000    00000000011111111111100000000000    00000000000111111111000000000000    00000000000000111111000000000000    00000000000000001111100000000000    
00000000001111111111000000000000    00000000001111111111000000000000    00000000001111111111000000000000    00000000001111111111000000000000    00000000000111111111000000000000    00000000000000111111000000000000    00000000000000011111000000000000    
00000000001111111111000000000000    00000000011111111111000000000000    00000000001111111110000000000000    00000000001111111111000000000000    00000000000111111111000000000000    00000000000001111111000000000000    00000000000000011111000000000000    
00000000001111111111000000000000    00000000001111111111000000000000    00000000001111111110000000000000    00000000001111111111000000000000    00000000000011111111100000000000    00000000000000111111000000000000    00000000000000011111000000000000    
00000000001111111111000000000000    00000000011111111111000000000000    00000000001111111110000000000000    00000000001111111111000000000000    00000000000011111111110000000000    00000000000000111111000000000000    00000000000000111110000000000000    
00000000001111111111000000000000    00000000001111111111000000000000    00000000001111111110000000000000    00000000000111111111100000000000    00000000000000001111110000000000    00000000000000011111000000000000    00000000000000111110000000000000    
00000000001111111110000000000000    00000000011111111111000000000000    00000000001111111111000000000000    00000000001111001111110000000000    00000000000000000111110000000000    00000000000000000001000000000000    00000000000001111100000000000000    
00000000001111111110000000000000    00000000011111111111000000000000    00000000011111111111000000000000    00000000001100000111110000000000    00000000000000000011111000000000    00000000000000000000000000000000    00000000000001111100000000000000    
00000000001111111110000000000000    00000000011111111111000000000000    00000000011111111111000000000000    00000000011000000111110000000000    00000000000000000011111100000000    00000000000000000000000000000000    00000000000011111100000000000000    
00000000001111111110000000000000    00000000011111111111000000000000    00000000011110011111100000000000    00000000011100000011110000000000    00000000000000000011111100000000    00000000001111100001111100000000    00000000001111111110000000000000    
00000000001111111110000000000000    00000000011111111111000000000000    00000000011110111111100000000000    00000000111110000111110000000000    00000000011100000111111100000000    00000000011111111111111100000000    00000000011111111111111100000000    
00000000001111111111000000000000    00000000011111111111100000000000    00000000011111111111100000000000    00000000111110001111110000000000    00000000011111111111111100000000    00000000011111111111111110000000    00000000111111111111111111000000    
00000000001111111110000000000000    00000000011111111111000000000000    00000000011111111111100000000000    00000000011111111111110000000000    00000000011111111111111000000000    00000000111111111111111111000000    00000000111111111111111111000000    
00000000001111111111000000000000    00000000011111111111000000000000    00000000011111111111100000000000    00000000011111111111110000000000    00000000011111111111111000000000    00000000111111111111111111000000    00000000111111111111111111100000    
00000000000111111111000000000000    00000000001111111111000000000000    00000000011111111111000000000000    00000000011111111111100000000000    00000000011111111111110000000000    00000000011111111111111110000000    00000000111111111111111111100000    
00000000000011111111000000000000    00000000000111111110000000000000    00000000001111111110000000000000    00000000001111111111000000000000    00000000001111111111000000000000    00000000001111111111110000000000    00000000011111111111111111000000    
00000000000000111000000000000000    00000000000001111000000000000000    00000000000011111000000000000000    00000000000011111000000000000000    00000000000011111100000000000000    00000000000111111100000000000000    00000000001111111100000000000000    


00000000000011111100000000000000    00000000000001111000000000000000    00000000000000111110000000000000    00000000000000111111100000000000    00000000000001111111000000000000    00000000000001111100000000000000    00000000000011111000000000000000    
00000000001111111110000000000000    00000000001111111111000000000000    00000000000111111111110000000000    00000000000111111111111100000000    00000000001111111111110000000000    00000000001111111111000000000000    00000000001111111110000000000000    
00000000011111111111100000000000    00000000011111111111100000000000    00000000011111111111111000000000    00000000011111111111111110000000    00000000011111111111111000000000    00000000011111111111110000000000    00000000011111111111000000000000    
00000000011111111111100000000000    00000000111111111111110000000000    00000000011111111111111110000000    00000000011111111111111110000000    00000000111111111111111100000000    00000000111111111111110000000000    00000000111111111111100000000000    
00000000011111111111110000000000    00000000111111111111111000000000    00000000111111111111111100000000    00000000111111111111111110000000    00000000111111111111111100000000    00000001111111111111111000000000    00000000111111111111110000000000    
00000000111111111111110000000000    00000000111111111111111000000000    00000000111111111111111100000000    00000000111111111111111100000000    00000000111111111111111100000000    00000001111111111111111000000000    00000001111111111111110000000000    
00000000011111111111110000000000    00000000111111111111111100000000    00000001111111110011111100000000    00000000111111110000000000000000    00000000111111111111111000000000    00000001111111001111111000000000    00000001111111001111110000000000    
00000000001111111111110000000000    00000000111111101111111100000000    00000001111111000000000000000000    00000001111111000000000000000000    00000000111100000011111000000000    00000000111000000111111000000000    00000000111110000111111000000000    
00000000001000011111110000000000    00000000111110001111110000000000    00000001111110000000000000000000    00000001111110000000000000000000    00000000111000000011110000000000    00000000000000000111111000000000    00000000111100000111111000000000    
00000000000000011111110000000000    00000000111100011111110000000000    00000001111100000000000000000000    00000001111110000000000000000000    00000000000000000111100000000000    00000000000000001111111000000000    00000000000000000111111000000000    
00000000000000111111100000000000    00000000111100111111100000000000    00000011111100000000000000000000    00000001111110000000000000000000    00000000000000001111100000000000    00000000000000001111110000000000    00000000000000000111111000000000    
00000000000001111111100000000000    00000000111101111111100000000000    00000011111100000000000000000000    00000001111111000000000000000000    00000000000000111111000000000000    00000000000000011111110000000000    00000000000000000111111000000000    
00000000000011111111100000000000    00000000111111111111100000000000    00000011111110000000000000000000    00000011111111111100000000000000    00000000000111111111000000000000    00000000000000011111100000000000    00000000000000001111110000000000    
00000000000111111111100000000000    00000000011111111111000000000000    00000001111111110000000000000000    00000001111111111110000000000000    00000000000111111111000000000000    00000000000001111111100000000000    00000000000000000111110000000000    
00000000000111111111100000000000    00000000011111111111000000000000    00000001111111111110000000000000    00000001111111111111000000000000    00000000001111111111000000000000    00000000000001111111100000000000    00000000000000001111110000000000    
00000000001111111111100000000000    00000000011111111111000000000000    00000000111111111110000000000000    00000001111111111111100000000000    00000000000111111111100000000000    00000000000001111111110000000000    00000000000000001111111000000000    
00000000011111111111110000000000    00000000011111111111000000000000    00000000111111111110000000000000    00000000111111111111100000000000    00000000000011111111110000000000    00000000000001111111110000000000    00000000000000001111111000000000    
00000000011111111111111000000000    00000000011111111110000000000000    00000000011111111110000000000000    00000000001111111111100000000000    00000000000001111111110000000000    00000000000000111111111000000000    00000000000000011111111000000000    
00000000011111111111110000000000    00000000011111111110000000000000    00000000001111111110000000000000    00000000000000111111110000000000    00000000000000111111111000000000    00000000000000011111111100000000    00000000000000001111111000000000    
00000000011111111111100000000000    00000000011111111110000000000000    00000000001111111111000000000000    00000000000000001111110000000000    00000000000000001111111000000000    00000000000000001111111100000000    00000000000000000111111000000000    
00000000001111111111000000000000    00000000001111111110000000000000    00000000000011111111000000000000    00000000000000000111111000000000    00000000000000000111111100000000    00000000000000000111111110000000    00000000000000000111111000000000    
00000000001111111110000000000000    00000000001111111110000000000000    00000000000001111111000000000000    00000000000000000111111000000000    00000000000000000011111100000000    00000000000000000001111110000000    00000000000000000011111000000000    
00000000000111111100000000000000    00000000000111111110000000000000    00000000000000011111000000000000    00000000000000000111111000000000    00000000000000000001111100000000    00000000000000000001111110000000    00000000000000000000111000000000    
00000000000111111100000000000000    00000000000111111100000000000000    00000000000000111111000000000000    00000000000000000111111000000000    00000000000000000011111100000000    00000000000000000001111110000000    00000000000000000000101100000000    
00000000001111111100000000000000    00000000001111111100000000000000    00000000000000111111000000000000    00000000000000000111110000000000    00000000000000000111111100000000    00000000000000000001111110000000    00000000000000000001111110000000    
00000000001111111100000000000000    00000000001111111100000000000000    00000000000000111111000000000000    00000000000000001111110000000000    00000000000000001111111100000000    00000000000000000011111110000000    00000000001111111111111110000000    
00000000001111111000000000000000    00000000011111111100000000000000    00000000001111111111000000000000    00000000001111111111110000000000    00000000001111111111111100000000    00000000011111111111111110000000    00000000011111111111111111000000    
00000000001111111000000000000000    00000000011111111100000000000000    00000000011111111111000000000000    00000000011111111111100000000000    00000000011111111111111000000000    00000000011111111111111100000000    00000000111111111111111111000000    
00000000011111110000000000000000    00000000011111111100000000000000    00000000011111111110000000000000    00000000011111111111100000000000    00000000011111111111110000000000    00000000111111111111111100000000    00000000111111111111111111000000    
00000000011111110000000000000000    00000000011111111000000000000000    00000000011111111110000000000000    00000000011111111111000000000000    00000000011111111111100000000000    00000000011111111111110000000000    00000000011111111111111111000000    
00000000001111100000000000000000    00000000001111111000000000000000    00000000001111111100000000000000    00000000001111111110000000000000    00000000001111111110000000000000    00000000011111111111000000000000    00000000001111111111111100000000    
00000000001111000000000000000000    00000000001111100000000000000000    00000000000111110000000000000000    00000000000111111000000000000000    00000000000111110000000000000000    00000000000111111000000000000000    00000000000111111100000000000000    


00000000000011111111100000000000    00000000000001111111100000000000    00000000000000011111000000000000    00000000000000001111100000000000    00000000000001111110000000000000    00000000000001111100000000000000    00000000000011111100000000000000    
00000000001111111111111000000000    00000000000111111111110000000000    00000000000011111111111000000000    00000000000011111111111100000000    00000000000111111111110000000000    00000000001111111111000000000000    00000000001111111111000000000000    
00000000011111111111111100000000    00000000001111111111111000000000    00000000001111111111111100000000    00000000001111111111111110000000    00000000011111111111111000000000    00000000011111111111110000000000    00000000011111111111100000000000    
00000000111111111111111100000000    00000000011111111111111100000000    00000000001111111111111110000000    00000000001111111111111111000000    00000000111111111111111100000000    00000001111111111111110000000000    00000000111111111111110000000000    
00000000111111111111111100000000    00000000011111111111111110000000    00000000011111111111111110000000    00000000011111111111111110000000    00000000111111111111111100000000    00000001111111111111111000000000    00000001111111111111110000000000    
00000000111111111111111110000000    00000000111111111111111110000000    00000000111111111111111110000000    00000000111111111111111110000000    00000000111111111111111100000000    00000001111111111111111000000000    00000001111111111111111000000000    
00000000011110000011111100000000    00000000111111100001111110000000    00000000111111110000011110000000    00000000111111110000000000000000    00000001111111100111111000000000    00000001111110000111111000000000    00000001111110000111111000000000    
00000000000000000011111100000000    00000000111100000000111110000000    00000000111111000000001100000000    00000000111111000000000000000000    00000000111100000001111000000000    00000001111000000111111000000000    00000001111100000111111000000000    
00000000000000000011111100000000    00000000011000000001111110000000    00000001111111000000001000000000    00000000111111000000000000000000    00000000111000000011110000000000    00000000000000000111111000000000    00000000110000000111111000000000    
00000000000000000011111100000000    00000000000000000001111110000000    00000001111110000000000000000000    00000001111111000000000000000000    00000000011000000011110000000000    00000000000000001111110000000000    00000000000000000111111000000000    
00000000000000000111111000000000    00000000000000000011111100000000    00000001111110000000011100000000    00000001111111000000000000000000    00000000011000001111100000000000    00000000000000001111110000000000    00000000000000000111111000000000    
00000000000000000111111000000000    00000000000000000011111100000000    00000001111110000000111000000000    00000001111111111100000000000000    00000000011111111111100000000000    00000000000000011111100000000000    00000000000000011111111000000000    
00000000000000001111111000000000    00000000000000000111111100000000    00000001111111000011111000000000    00000001111111111110000000000000    00000000001111111111100000000000    00000000000001111111100000000000    00000000000000111111110000000000    
00000000000000011111111000000000    00000000000100011111111100000000    00000001111111111111111100000000    00000001111111111111000000000000    00000000001111111111100000000000    00000000000011111111100000000000    00000000000001111111110000000000    
00000000000011111111111000000000    00000000000111111111111100000000    00000001111111111111111100000000    00000001111111111111110000000000    00000000001111111111110000000000    00000000000011111111110000000000    00000000000011111111111000000000    
00000000001111111111111110000000    00000000011111111111111100000000    00000001111111111111111000000000    00000000111111111111111000000000    00000000000111111111111000000000    00000000000011111111111000000000    00000000000001111111111000000000    
00000000011111111111111111000000    00000000011111111111111100000000    00000000111111111111111000000000    00000000010111111111111000000000    00000000000001111111111100000000    00000000000001111111111100000000    00000000000000111111111100000000    
00000000001111111111111111000000    00000000001111111111111100000000    00000000011111111111111000000000    00000000000000001111111000000000    00000000000000011111111100000000    00000000000000111111111110000000    00000000000000011111111110000000    
00000000011111111111111110000000    00000000001111111111111000000000    00000000000111111111111000000000    00000000000000000111111100000000    00000000000000000111111110000000    00000000000000001111111110000000    00000000000000000011111110000000    
00000000001111111111111000000000    00000000000111111111110000000000    00000000000000111111110000000000    00000000000000000011111100000000    00000000000000000011111110000000    00000000000000000011111111000000    00000000000000000001111111000000    
00000000000111111111000000000000    00000000000011111111100000000000    00000000000000011111100000000000    00000000000000000011111100000000    00000000000000000001111110000000    00000000000000000000111111000000    00000000000000000000111111000000    
00000000000011111110000000000000    00000000000001111111000000000000    00000000000000011111100000000000    00000000000000000011111100000000    00000000000000000001111110000000    00000000000000000000111111000000    00000000000000000000011111000000    
00000000000011111100000000000000    00000000000001111110000000000000    00000000000000011111100000000000    00000000000000000011111100000000    00000000000000000001111110000000    00000000000000000000111111000000    00000000000000000000011111000000    
00000000000011111000000000000000    00000000000011111100000000000000    00000000000000111111000000000000    00000000000000000111111000000000    00000000000000000001111110000000    00000000000000000000111111000000    00000000000000000000011111000000    
00000000000111111000000000000000    00000000000011111100000000000000    00000000000000111111000000000000    00000000000000000111110000000000    00000000000000000011111100000000    00000000000000000000111111000000    00000000000000000000011111000000    
00000000001111111000000000000000    00000000000011111100000000000000    00000000000000111110000000000000    00000000000000011111110000000000    00000000000000001111111100000000    00000000000000000001111110000000    00000000000000000000111111000000    
00000000001111110000000000000000    00000000000111111000000000000000    00000000000001111110000000000000    00000000000001111111100000000000    00000000001111111111111100000000    00000000011111111111111110000000    00000000011110000011111111000000    
00000000001111110000000000000000    00000000001111111000000000000000    00000000000011111110000000000000    00000000000111111111100000000000    00000000011111111111111000000000    00000000111111111111111100000000    00000000111111111111111111000000    
00000000011111100000000000000000    00000000001111110000000000000000    00000000000111111100000000000000    00000000000111111111000000000000    00000000011111111111110000000000    00000000111111111111111100000000    00000000011111111111111110000000    
00000000011111100000000000000000    00000000001111110000000000000000    00000000001111111100000000000000    00000000001111111110000000000000    00000000011111111111100000000000    00000000011111111111110000000000    00000000011111111111111100000000    
00000000011111000000000000000000    00000000001111100000000000000000    00000000000111111000000000000000    00000000000111111100000000000000    00000000001111111110000000000000    00000000011111111111100000000000    00000000001111111111111000000000    
00000000001111000000000000000000    00000000001111100000000000000000    00000000000111110000000000000000    00000000000011110000000000000000    00000000000111110000000000000000    00000000000111111100000000000000    00000000000111111111000000000000    


00000000000001111111111100000000    00000000000000111111111000000000    00000000000000011110000000000000    00000000000000000111100000000000    00000000000000001110000000000000    00000000000001111100000000000000    00000000000001111100000000000000    
00000000001111111111111111000000    00000000000011111111111110000000    00000000000001111111110000000000    00000000000001111111111000000000    00000000000111111111110000000000    00000000000111111111000000000000    00000000000111111111000000000000    
00000000011111111111111111000000    00000000000111111111111111000000    00000000000011111111111000000000    00000000000011111111111100000000    00000000001111111111111000000000    00000000011111111111100000000000    00000000011111111111000000000000    
00000000011111111111111111000000    00000000001111111111111111000000    00000000000111111111111111000000    00000000000111111111111110000000    00000000011111111111111000000000    00000000111111111111110000000000    00000000011111111111110000000000    
00000000011111111111111111100000    00000000001111111111111111100000    00000000001111111111111111000000    00000000001111111111111111000000    00000000111111111111111100000000    00000000111111111111110000000000    00000000111111111111110000000000    
00000000011111111111111111100000    00000000011111111111111111100000    00000000001111111000011111000000    00000000011111111111111111000000    00000000111111111111111100000000    00000001111111111111111000000000    00000000111111111111111000000000    
00000000001100000000111111100000    00000000001111100000111111100000    00000000011111110000011111000000    00000000011111110000111111000000    00000001111111000011111100000000    00000001111110000111111000000000    00000001111111000111111000000000    
00000000000000000000111111000000    00000000000000000000011111000000    00000000011111100000011111000000    00000000111111100000011111000000    00000001111110000001111100000000    00000001111100000011111000000000    00000001111110000011111000000000    
00000000000000000000111111000000    00000000000000000000111111000000    00000000111111100000011111000000    00000000111111100000111110000000    00000001111110000001111100000000    00000001111000000011111000000000    00000000111100000011111100000000    
00000000000000000000111110000000    00000000000000000000111111000000    00000000111111000000111111000000    00000000111111000001111111000000    00000000111100000011111100000000    00000000111000000111111100000000    00000000111000000111111100000000    
00000000000000000001111110000000    00000000000000000000111110000000    00000000111110000000111110000000    00000001111111101111111110000000    00000001111100000111111110000000    00000000110000000111111100000000    00000000011100000111111100000000    
00000000000000000011111100000000    00000000000000000001111110000000    00000001111110000001111110000000    00000001111111111111111111000000    00000001111111111111111110000000    00000000110000011111111100000000    00000000011110011111111100000000    
00000000000000000111111100000000    00000000000000000011111110000000    00000001111110000011111110000000    00000000111111111111111111000000    00000000111111111111111100000000    00000000000011111111111100000000    00000000000111111111111100000000    
00000000000000001111111100000000    00000000000000000111111110000000    00000001111111000111111111000000    00000000111111111111111111000000    00000000111111111111111110000000    00000000000111111111111100000000    00000000000011111111111110000000    
00000000000000011111111110000000    00000000000000111111111110000000    00000001111111111111111111000000    00000000111111111111111111000000    00000000011111111111111110000000    00000000000111111111111110000000    00000000000111111111111110000000    
00000000000011111111111110000000    00000000000111111111111110000000    00000001111111111111111110000000    00000000011111111111111110000000    00000000000111111111111110000000    00000000000011111111111110000000    00000000000001111111111110000000    
00000000001111111111111110000000    00000000001111111111111110000000    00000000111111111111111110000000    00000000000000000011111110000000    00000000000000110111111110000000    00000000000001111111111110000000    00000000000000111111111111000000    
00000000000111111111111110000000    00000000000111111111111110000000    00000000011111111111111110000000    00000000000000000001111110000000    00000000000000000001111110000000    00000000000000011111111110000000    00000000000000000010111111000000    
00000000001111111111111100000000    00000000001111111111111100000000    00000000001111111111111100000000    00000000000000000011111100000000    00000000000000000001111110000000    00000000000000000000111111000000    00000000000000000000011111000000    
00000000000111111111110000000000    00000000000111111111111000000000    00000000000000111111111000000000    00000000000000000011111100000000    00000000000000000000111110000000    00000000000000000000111111000000    00000000000000000000011111000000    
00000000000011111111000000000000    00000000000001111111100000000000    00000000000000011111110000000000    00000000000000000011111100000000    00000000000000000000111110000000    00000000000000000000011111000000    00000000000000000000001111000000    
00000000000011111110000000000000    00000000000000111111000000000000    00000000000000011111100000000000    00000000000000000011111100000000    00000000000000000000111110000000    00000000000000000000011111000000    00000000000000000000001111100000    
00000000000011111100000000000000    00000000000000111111000000000000    00000000000000011111100000000000    00000000000000000111111000000000    00000000000000000001111110000000    00000000000000000000011111000000    00000000000000000000001111100000    
00000000000011111100000000000000    00000000000001111110000000000000    00000000000000111111000000000000    00000000000000001111110000000000    00000000000000000001111110000000    00000000000000000000011111000000    00000000000000000000001111100000    
00000000000011111000000000000000    00000000000001111100000000000000    00000000000000111111000000000000    00000000000000011111100000000000    00000000000000000011111100000000    00000000000000000000111111000000    00000000000000000000011111100000    
00000000000111111000000000000000    00000000000011111100000000000000    00000000000000111110000000000000    00000000000000111111100000000000    00000000000000001111111100000000    00000000000000000000111111000000    00000000000000000000011111100000    
00000000001111110000000000000000    00000000000011111000000000000000    00000000000001111110000000000000    00000000000000111111000000000000    00000000000001111111111000000000    00000000011110000111111110000000    00000000001100000000111111000000    
00000000001111110000000000000000    00000000000011111000000000000000    00000000000001111100000000000000    00000000000001111110000000000000    00000000000111111111111000000000    00000000011111111111111110000000    00000000011111111111111111000000    
00000000001111110000000000000000    00000000000111111000000000000000    00000000000011111100000000000000    00000000000011111110000000000000    00000000001111111111110000000000    00000000011111111111111100000000    00000000011111111111111110000000    
00000000011111100000000000000000    00000000000111110000000000000000    00000000000011111100000000000000    00000000000011111100000000000000    00000000001111111111100000000000    00000000011111111111111000000000    00000000011111111111111110000000    
00000000011111100000000000000000    00000000000111110000000000000000    00000000000011111000000000000000    00000000000011111100000000000000    00000000000111111110000000000000    00000000001111111111100000000000    00000000001111111111111000000000    
00000000001111000000000000000000    00000000000111100000000000000000    00000000000001110000000000000000    00000000000001110000000000000000    00000000000001111000000000000000    00000000000011111100000000000000    00000000000011111111100000000000    


