Distacia = 3.8456969129524326E-30 Cluster = 41 Entrada(1 a 1934) = 43
00000000001111000000000000000000
00000000001111110000000000000000
00000000001111111000000000000000
00000000001111111000000000000000
00000000001111111000000000000000
00000000000111111100000000000000
00000000000111111100000000000000
00000000000111111000000000000000
00000000000011111100000000000000
00000000000011111110000000000000
00000000000011111110000000000000
00000000000011111110000000000000
00000000000111111110000000000000
00000000000011111111000000000000
00000000000111111111000000000000
00000000000011111111000000000000
00000000000011111111000000000000
00000000000011111111000000000000
00000000000001111111100000000000
00000000000001111111100000000000
00000000000000011111110000000000
00000000000000001111110000000000
00000000000000001111110000000000
00000000000000001111111000000000
00000000000001111111111000000000
00000000000111111111111111111100
00000000001111111111111111111110
00000000001111111111111111111110
00000000001111111111111111111111
00000000001111111111111111111111
00000000000011111111111111111111
00000000000001111111100000000000
Distacia = 4.055238090901764E-30 Cluster = 36 Entrada(1 a 1934) = 25
00000000011111000000000000000000
00000000001111100000000000000000
00000000001111110000000000000000
00000000001111111000000000000000
00000000001111111000000000000000
00000000001111111100000000000000
00000000001111111100000000000000
00000000001111111000000000000000
00000000000111111100000000000000
00000000001111111100000000000000
00000000001111111110000000000000
00000000001111111110000000000000
00000000011111111100000000000000
00000000011111111110000000000000
00000000111111111100000000000000
00000000011111111110000000000000
00000000011111111110000000000000
00000000011111111110000000000000
00000000001111111111000000000000
00000000000111111111000000000000
00000000000000111111100000000000
00000000000000111111100000000000
00000000000000111111100000000000
00000000000000011111110000000000
00000000000000011111110000000000
00000000000000001111111000000000
00000000000111111111111111111100
00000000001111111111111111111110
00000000001111111111111111111111
00000000001111111111111111111111
00000000000011111111111111111111
00000000000001111111111111111111
Distacia = 5.638662498739733E-6 Cluster = 47 Entrada(1 a 1934) = 56
00000000000111110000000000000000
00000000011111111000000000000000
00000000111111111100000000000000
00000000011111111110000000000000
00000000111111111110000000000000
00000000111111111110000000000000
00000001111111111111000000000000
00000001111111001111100000000000
00000001111110001111110000000000
00000011111110001111100000000000
00000011111100001111100000000000
00000001111100000111110000000000
00000001111100001111100000000000
00000001111100001111100000000000
00000000111000001111100000000000
00000000000000000111110000000000
00000000000000001111100000000000
00000000000000001111100000000000
00000000000000001111110000000000
00000000000000001111100000000000
00000000000000001111100000000000
00000000000000011111000000000000
00000000000000011111100000000000
00000000000000111111000000000000
00000000000001111111000000000000
00000000000111111110000000000000
00000000001111111111111111111000
00000000011111111111111111111100
00000000011111111111111111111100
00000000111111111111111111111100
00000000011111111111111111111100
00000000001111110111111111110000
Distacia = 5.728912143894585E-6 Cluster = 48 Entrada(1 a 1934) = 6
00000000001111111000000000000000
00000000011111111100000000000000
00000000011111111110000000000000
00000000011111111111100000000000
00000000111111111111100000000000
00000001111111111111110000000000
00000011111110001111110000000000
00000001111110000111111000000000
00000001111110000111111000000000
00000001111110000111111000000000
00000001111100000111111000000000
00000001111110000011111100000000
00000001111111000011111100000000
00000000111111000011111000000000
00000000111110000111111000000000
00000000001110000011111100000000
00000000000000000011111000000000
00000000000000000111110000000000
00000000000000000111111000000000
00000000000000001111110000000000
00000000000000011111110000000000
00000000000000111111100000000000
00000000000000011111110000000000
00000000000000111111100000000000
00000000000001111111000000000000
00000000000011111110000000000000
00000000001111111111111111111000
00000000011111111111111111111100
00000000111111111111111111111100
00000000011111111111111111111100
00000000001111111111111111111100
00000000000111111111111111110000
Distacia = 5.952213649392507E-6 Cluster = 45 Entrada(1 a 1934) = 51
00000000011111100000000000000000
00000000011111111000000000000000
00000000111111111100000000000000
00000001111111111100000000000000
00000001111111111110000000000000
00000000111111111111100000000000
00000001111111111111100000000000
00000001111111011111100000000000
00000001111110011111100000000000
00000011111110011111100000000000
00000000111111011111110000000000
00000000111110011111100000000000
00000000011110011111100000000000
00000000001100111111100000000000
00000000000000011111100000000000
00000000000000011111100000000000
00000000000000111111100000000000
00000000000000111111000000000000
00000000000000111110000000000000
00000000000000111111000000000000
00000000000001111110000000000000
00000000000001111110000000000000
00000000000011111100000000000000
00000000000011111110000000000000
00000000000011111100000000000000
00000000001111111111000000000000
00000000011111111111111111100000
00000000111111111111111111110000
00000000111111111111111111111000
00000000111111111111111111111100
00000000111111111111111111111100
00000000011111111111111111111000
Distacia = 7.3799056135589E-6 Cluster = 58 Entrada(1 a 1934) = 71
00000000000000001111111000000000
00000000000000111111111110000000
00000000001111111111111111100000
00000000011111111111111111000000
00000000111111111111111111100000
00000000111111111111111111100000
00000000111110000000111111100000
00000000000000000000011111100000
00000000000000000000111111000000
00000000000000000000111110000000
00000000000000000000111110000000
00000000000000000001111110000000
00000000011100000001111100000000
00000000111111111111111100000000
00000001111111111111111000000000
00000001111111111111111111000000
00000001111111111111111111000000
00000001111111111111111111000000
00000000111000011111110010000000
00000000000000111110000000000000
00000000000000111100000000000000
00000000000000111100000000000000
00000000000001111100000000000000
00000000000011111000000000000000
00000000000011111000000000000000
00000000000111110000000000000000
00000000000111110000000000000000
00000000001111110000000000000000
00000000001111110000000000000000
00000000001111110000000000000000
00000000011111100000000000000000
00000000001110000000000000000000
Distacia = 8.043942655154609E-6 Cluster = 49 Entrada(1 a 1934) = 42
00000000000111111000000000000000
00000000000011111110000000000000
00000000001111111111100000000000
00000000011111111111100000000000
00000001111111111111110000000000
00000000111111111111111000000000
00000011111110000011111000000000
00000111111100000001111000000000
00000011111100000001111100000000
00000011111000000001111000000000
00000011111000000011111000000000
00000001111100000001111100000000
00000001111000000001111100000000
00000001110000000011111000000000
00000001100000000011110000000000
00000000000000000011110000000000
00000000000000000111110000000000
00000000000000001111110000000000
00000000000000000111110000000000
00000000000000001111100000000000
00000000000000011111000000000000
00000000000000111111000000000000
00000000000000111111000000000000
00000000000001111110000000000000
00000000000011111100000000000000
00000000000011111100000000000000
00000000000111111100000000000000
00000000011111111111111111100000
00000000001111111111111111111000
00000000001111111111111111111000
00000000001111111111111111111000
00000000000111111000011011110000
Distacia = 8.085326457245095E-6 Cluster = 98 Entrada(1 a 1934) = 10
00000000000000111100000000000000
00000000000001111110000000000000
00000000000111111111000000000000
00000000001111111111110000000000
00000000111111100011110000000000
00000001111111100011110000000000
00000011111111100011110000000000
00000111111110111111110000000000
00000011111100111111111000000000
00000011111100111111110000000000
00000011111011111111100000000000
00000111111111111111000000000000
00000111111111111110000000000000
00000111111111111110000000000000
00000011111111111101000000000000
00000011111111111111000000000000
00000001111111111111111000000000
00000000011111111111111100000000
00000000011111111111111110000000
00000000001111110000011111100000
00000000001111110000001111100000
00000000011111000000000011100000
00000000011110000000000011100000
00000000011110000000000111100000
00000000111110000000011111100000
00000000011111000000001111110000
00000000011111111111111111100000
00000000011111111111111111000000
00000000001111111111111100000000
00000000000111111111110000000000
00000000000011111100000000000000
00000000000001111000000000000000
Distacia = 8.377595666052871E-6 Cluster = 78 Entrada(1 a 1934) = 57
00000000000011100000000000000000
00000000000111100000000000000000
00000000001111111100000000000000
00000000111111111111000000000000
00000000111111111111000000000000
00000001111111101111100000000000
00000011111110000111100000000000
00000011111110000011100000000000
00000011111100000011111000000000
00000011111000000011111000000000
00000011111000000001111000000000
00000011110000000000111000000000
00000001111000000000011110000000
00000001111000000000011110000000
00000001111000000000011111000000
00000001111000000000001111000000
00000001111000000000001111000000
00000011111000000000001111000000
00000011111000000000001111000000
00000001111000000000011110000000
00000001111000000000111110000000
00000000111100000000011111000000
00000000111100000000111110000000
00000000111100000001111110000000
00000000111100000011111100000000
00000000011110000111111000000000
00000000011111001111110000000000
00000000011111111111110000000000
00000000001111111111000000000000
00000000001111111110000000000000
00000000000011111110000000000000
00000000000001111000000000000000
Distacia = 8.462467215915336E-6 Cluster = 51 Entrada(1 a 1934) = 64
00000000000010000000000000000000
00000000001111111000000000000000
00000000011111111111000000000000
00000001111111111111000000000000
00000001111111111111110000000000
00000000111111111111111000000000
00000001111111000011111000000000
00000001111100000001111000000000
00000001111000000001111100000000
00000000110000000001111000000000
00000000111000000000111100000000
00000000010000000000111100000000
00000000000000000000111100000000
00000000000000000011111100000000
00000000000000000001111100000000
00000000000000000001111000000000
00000000000000000011111000000000
00000000000000000011110000000000
00000000000000000111100000000000
00000000000000011111110000000000
00000000000000011111100000000000
00000000000001111111000000000000
00000000000001111111000000000000
00000000000001111110000000000000
00000000000011111111100000000000
00000000000111111111111111000000
00000000001111111111111111100000
00000000011111111111111111110000
00000000011111111111111111111000
00000000011111111111111111110000
00000000011111100000000000000000
00000000001110000000000000000000
Distacia = 9.145361554122363E-6 Cluster = 92 Entrada(1 a 1934) = 74
00000000000000011100000000000000
00000000000011111111000000000000
00000000001111111111110000000000
00000000011111111111111000000000
00000001111111111111111100000000
00000001111111111111111100000000
00000011111111100011111100000000
00000001111110000011111100000000
00000001111000000011111100000000
00000000000000000011111100000000
00000000000000000111111000000000
00000000000000001111111000000000
00000000000000011111110000000000
00000000000000011111110000000000
00000000000001111111000000000000
00000000000011111111000000000000
00000000000011111111000000000000
00000000000111111111110000000000
00000000000111111111111000000000
00000000000011111111111110000000
00000000000001111111111110000000
00000000000000000001111111000000
00000000000000000000111111000000
00000000000000000000111111000000
00000000000000000000111111000000
00000000000000000001111111000000
00000000000000001111111110000000
00000000001111111111111100000000
00000000001111111111111100000000
00000000001111111111100000000000
00000000000111111111100000000000
00000000000000011100000000000000
Distacia = 9.279439295774894E-6 Cluster = 97 Entrada(1 a 1934) = 5
00000000000001100000000000000000
00000000000111111000000000000000
00000000001111111000000000000000
00000000001111111100000000000000
00000000001111110000000000000000
00000000111111000000000000000000
00000000111110000000000000000000
00000000011110000000000000000000
00000000111110000000000000000000
00000001111000000000000000000000
00000001111000000000000000000000
00000001111111100000000000000000
00000001111111110000000000000000
00000011111111111100000000000000
00000011111111111111000000000000
00000001111111000111110000000000
00000001111110000111111000000000
00000001111100000001111000000000
00000001111110000000011100000000
00000001111110000000001111000000
00000000111110000000001111000000
00000000111100000000000111000000
00000000011110000000000011110000
00000000011110000000000111100000
00000000011110000000000111100000
00000000011110000000011111100000
00000000001111000000011111110000
00000000001111111111111111000000
00000000001111111111111100000000
00000000001111111111110000000000
00000000000001111111100000000000
00000000000000011100000000000000
Distacia = 9.554275058877663E-6 Cluster = 56 Entrada(1 a 1934) = 76
00000000000000001111000000000000
00000000000001111111110000000000
00000000011111111111111000000000
00000000111111111111110000000000
00000001111111111111111100000000
00000000111111111111111100000000
00000000111111111111111100000000
00000000000000000001111100000000
00000000000000000001111100000000
00000000000000000001111100000000
00000000000000000011111100000000
00000000000000000011111100000000
00000001100000000111111000000000
00000001111111001111110000000000
00000001111111111111111100000000
00000001111111111111111111000000
00000001111111111111111111000000
00000000111111111111111111000000
00000000000011111111111100000000
00000000000000111111000000000000
00000000000001111111000000000000
00000000000011111000000000000000
00000000000111111000000000000000
00000000000111111000000000000000
00000000000111110000000000000000
00000000001111110000000000000000
00000000011111110000000000000000
00000000011111100000000000000000
00000000011111100000000000000000
00000000011111100000000000000000
00000000111110000000000000000000
00000000001100000000000000000000
Distacia = 9.827002124916673E-6 Cluster = 89 Entrada(1 a 1934) = 80
00000000000000011110000000000000
00000000000111111111000000000000
00000000001111111111100000000000
00000000011111111111111000000000
00000000111111111111111000000000
00000001111111110011111000000000
00000011111110000001111000000000
00000011111100000001111000000000
00000011110000000011111000000000
00000011110000000011111000000000
00000000000000000011110000000000
00000000000000001111110000000000
00000000000000001111100000000000
00000000000000111111110000000000
00000000000011111111111000000000
00000000000111111111111110000000
00000000000111111111111111000000
00000000000111111111111111000000
00000000000111100000111111000000
00000000000000000000011111000000
00000000000000000000001111000000
00000000000000000000001111000000
00000000000000000000011111000000
00000000000000000000111110000000
00000000000000000000111110000000
00000000000000000011111100000000
00000000001100000011111100000000
00000000001111111111111000000000
00000000001111111111100000000000
00000000001111111111000000000000
00000000000011111111000000000000
00000000000001111110000000000000
Distacia = 1.1187115045516399E-5 Cluster = 71 Entrada(1 a 1934) = 78
00000000000000000001000000000000
00000000000000011111111000000000
00000000000011111111111110000000
00000000000111111111111111000000
00000000001111111111111111100000
00000000011111111111111111100000
00000000111111000000000111100000
00000000111111000000000111100000
00000000111100000000011111100000
00000001111100000001111111100000
00000011111000000111111111000000
00000011110000011111111111000000
00000011111111111111111111000000
00000011111111111111111111000000
00000001111111111111111110000000
00000001111111111101111110000000
00000000011111110001111100000000
00000000001110000001111100000000
00000000000000000001111000000000
00000000000000000011111000000000
00000000000000000011111000000000
00000000000000000111110000000000
00000000000000000111110000000000
00000000000000011111000000000000
00000000000000011111000000000000
00000000000000111111000000000000
00000000000000111111000000000000
00000000000001111110000000000000
00000000000011111100000000000000
00000000000011111100000000000000
00000000000011111100000000000000
00000000000001111000000000000000
Distacia = 1.1261936439361561E-5 Cluster = 70 Entrada(1 a 1934) = 44
00000000000000000000111110000000
00000000000000000111111111100000
00000000000000011111111111110000
00000000000001111111111111100000
00000000000011111100000111110000
00000000000111111000000111110000
00000000001111110000000011110000
00000000011110000000000111100000
00000000011110000000011111100000
00000000011110000000011111000000
00000000111100000000111111100000
00000000111100001111111111100000
00000000111111111111111111100000
00000000111111111111111111000000
00000000011111111111111111000000
00000000000111111110011110000000
00000000000001100000011110000000
00000000000000000000011110000000
00000000000000000000111100000000
00000000000000000000111100000000
00000000000000000000111100000000
00000000000000000000111000000000
00000000000000000011110000000000
00000000000000000011110000000000
00000000000000000111110000000000
00000000000000000111110000000000
00000000000000001111000000000000
00000000000000001111000000000000
00000000000000001111000000000000
00000000000000011111000000000000
00000000000000011000000000000000
00000000000000011000000000000000
Distacia = 1.3524829637102022E-5 Cluster = 65 Entrada(1 a 1934) = 47
00000000000000000001111100000000
00000000000000000011111110000000
00000000000000000111111111000000
00000000000000011111111110000000
00000000000000111111111110000000
00000000000001111111111110000000
00000000000011111111111110000000
00000000000111111111111100000000
00000000001111111111111100000000
00000000001111111001111110000000
00000000011111110011111110000000
00000000111111100001111110000000
00000011111110000111111000000000
00000111111100000111111000000000
00000111111111111111111000000000
00000111111111111111111100000000
00000111111111111111111110000000
00000111111111111111111111000000
00000011111111111111111111100000
00000011111111111111111111100000
00000001111111111111111111000000
00000000000000001111111000000000
00000000000000001111100000000000
00000000000000001111100000000000
00000000000000001111100000000000
00000000000000001111100000000000
00000000000000000111100000000000
00000000000000000111110000000000
00000000000000000111111000000000
00000000000000000111111000000000
00000000000000001111110000000000
00000000000000000111100000000000
Distacia = 17.755820453819766 Cluster = 73 Entrada(1 a 1934) = 14
00000000000110000000000000000000
00000000000111100000000000000000
00000000001111111100000000000000
00000000011111111111110000000000
00000000111111111111111100000000
00000000111111111111111100000000
00000000111111111111111110000000
00000000111111111000001100000000
00000001111111000000000000000000
00000011111110000000000000000000
00000111111111111000000000000000
00000111111111111100000000000000
00000111111111111111000000000000
00000011111111111111100000000000
00000011111111111111100000000000
00000001111111111111110000000000
00000001110000000011111000000000
00000000000000000011111000000000
00000000000000000001111000000000
00000000000000000001111000000000
00000000000000000001111100000000
00000000000000000001111000000000
00000000000000000011111000000000
00000000000000000111110000000000
00000000000000001111110000000000
00000000001100011111110000000000
00000000001111111111100000000000
00000000001111111111100000000000
00000000001111111111000000000000
00000000001111111110000000000000
00000000000111111000000000000000
00000000000011111000000000000000
Distacia = 18.245847088564695 Cluster = 73 Entrada(1 a 1934) = 8
00000000000110000000000000000000
00000000000111100000000000000000
00000000001111111100000000000000
00000000011111111111110000000000
00000000111111111111111100000000
00000000111111111111111100000000
00000000111111111111111110000000
00000000111111111000001100000000
00000001111111000000000000000000
00000011111110000000000000000000
00000111111111111000000000000000
00000111111111111100000000000000
00000111111111111111000000000000
00000011111111111111100000000000
00000011111111111111100000000000
00000001111111111111110000000000
00000001110000000011111000000000
00000000000000000011111000000000
00000000000000000001111000000000
00000000000000000001111000000000
00000000000000000001111100000000
00000000000000000001111000000000
00000000000000000011111000000000
00000000000000000111110000000000
00000000000000001111110000000000
00000000001100011111110000000000
00000000001111111111100000000000
00000000001111111111100000000000
00000000001111111111000000000000
00000000001111111110000000000000
00000000000111111000000000000000
00000000000011111000000000000000
Distacia = 19.728687940663175 Cluster = 64 Entrada(1 a 1934) = 79
00000000000000000001100000000000
00000000000000001111111000000000
00000000000000111111111110000000
00000000000000111111111110000000
00000000000001111111111110000000
00000000000011111111111110000000
00000000000011111111111110000000
00000000000111111111111100000000
00000000000111111111111100000000
00000000001111111111111100000000
00000000001111111111111110000000
00000000001111111111111110000000
00000000001111111111111110000000
00000000111111111111111110000000
00000000111111111111111110000000
00000001111111111111111100000000
00000011111111111111111100000000
00000011111111111111111100000000
00000011111111111111111100000000
00000001111111111111111100000000
00000000000001111111111100000000
00000000000001111111111100000000
00000000000001111111110000000000
00000000000000111111111000000000
00000000000000111111111110000000
00000000000000111111111000000000
00000000000000111111111110000000
00000000000000111111111110000000
00000000000000111111111110000000
00000000000000111111111110000000
00000000000000111111111000000000
00000000000000001111100000000000
Distacia = 20.273164904112594 Cluster = 64 Entrada(1 a 1934) = 70
00000000000000000001100000000000
00000000000000001111111000000000
00000000000000111111111110000000
00000000000000111111111110000000
00000000000001111111111110000000
00000000000011111111111110000000
00000000000011111111111110000000
00000000000111111111111100000000
00000000000111111111111100000000
00000000001111111111111100000000
00000000001111111111111110000000
00000000001111111111111110000000
00000000001111111111111110000000
00000000111111111111111110000000
00000000111111111111111110000000
00000001111111111111111100000000
00000011111111111111111100000000
00000011111111111111111100000000
00000011111111111111111100000000
00000001111111111111111100000000
00000000000001111111111100000000
00000000000001111111111100000000
00000000000001111111110000000000
00000000000000111111111000000000
00000000000000111111111110000000
00000000000000111111111000000000
00000000000000111111111110000000
00000000000000111111111110000000
00000000000000111111111110000000
00000000000000111111111110000000
00000000000000111111111000000000
00000000000000001111100000000000
Distacia = 22.687991924065535 Cluster = 76 Entrada(1 a 1934) = 16
00000000000011100000000000000000
00000000011111111000000000000000
00000000011111111110000000000000
00000001111111111111000000000000
00000011111111111111000000000000
00000011111100011111100000000000
00000001111110000011111000000000
00000001111110000001111100000000
00000011111110000001111100000000
00000001111110000000011100000000
00000011111110000000011100000000
00000011111100000000011110000000
00000011111000000000011110000000
00000001111100000000001111000000
00000011111000000000001111000000
00000011111000000000011110000000
00000011111000000000011110000000
00000011111000000000011110000000
00000011111000000000111110000000
00000011111000000000111110000000
00000001111100000000111110000000
00000000111100000001111110000000
00000001111100000011111100000000
00000001111100000111111000000000
00000000111100001111110000000000
00000000111100011111100000000000
00000000111111111111000000000000
00000000011111111111100000000000
00000000011111111111000000000000
00000000011111111110000000000000
00000000001111111000000000000000
00000000000111100000000000000000
Distacia = 23.314138836566862 Cluster = 76 Entrada(1 a 1934) = 1
00000000000011100000000000000000
00000000011111111000000000000000
00000000011111111110000000000000
00000001111111111111000000000000
00000011111111111111000000000000
00000011111100011111100000000000
00000001111110000011111000000000
00000001111110000001111100000000
00000011111110000001111100000000
00000001111110000000011100000000
00000011111110000000011100000000
00000011111100000000011110000000
00000011111000000000011110000000
00000001111100000000001111000000
00000011111000000000001111000000
00000011111000000000011110000000
00000011111000000000011110000000
00000011111000000000011110000000
00000011111000000000111110000000
00000011111000000000111110000000
00000001111100000000111110000000
00000000111100000001111110000000
00000001111100000011111100000000
00000001111100000111111000000000
00000000111100001111110000000000
00000000111100011111100000000000
00000000111111111111000000000000
00000000011111111111100000000000
00000000011111111111000000000000
00000000011111111110000000000000
00000000001111111000000000000000
00000000000111100000000000000000
Distacia = 24.16764347637492 Cluster = 57 Entrada(1 a 1934) = 61
00000000000000000011111100000000
00000000000011111111111110000000
00000000000111111111111111000000
00000000111111111111111111000000
00000001111111111111111111000000
00000011111111111111111111000000
00000011111111111100111110000000
00000001111111100000111110000000
00000000111000000000111110000000
00000000000000000001111110000000
00000000000000000001111100000000
00000000000000000001111100000000
00000000000000000111111000000000
00000000000000000111110000000000
00000000000000001111111100000000
00000000000111111111111111000000
00000001111111111111111111100000
00000011111111111111111111100000
00000011111111111111111111100000
00000011111111111111111111000000
00000011111111111111100010000000
00000011111111111110000000000000
00000000100001111110000000000000
00000000000001111100000000000000
00000000000011111100000000000000
00000000000011111100000000000000
00000000000011111100000000000000
00000000000011111100000000000000
00000000000011111100000000000000
00000000000111111100000000000000
00000000001111111000000000000000
00000000000111110000000000000000
Distacia = 24.414249089163533 Cluster = 75 Entrada(1 a 1934) = 63
00000000001000000000000000000000
00000000011000011110000000000000
00000000111101111111000000000000
00000000011111111111110000000000
00000000111111111111111000000000
00000000111111111111111100000000
00000000111111110000011110000000
00000000111111100000011110000000
00000001111111000000011110000000
00000001111110000000001111000000
00000001111110000000001111000000
00000001111100000000001111000000
00000001111100000000001111000000
00000011111000000000000111000000
00000011111000000000000011000000
00000011111100000000000011000000
00000011111100000000000111000000
00000011111000000000000111000000
00000011111000000000001111000000
00000011110000000000011111000000
00000011110000000000011111000000
00000011100000000000111110000000
00000001100000000001111110000000
00000001110000000011111100000000
00000001111000001111111100000000
00000001111000111111110000000000
00000001111111111111100000000000
00000001111111111111000000000000
00000000111111111110000000000000
00000000111111111000000000000000
00000000001111111000000000000000
00000000000011000000000000000000
Distacia = 24.83462624820982 Cluster = 57 Entrada(1 a 1934) = 21
00000000000000000011111100000000
00000000000011111111111110000000
00000000000111111111111111000000
00000000111111111111111111000000
00000001111111111111111111000000
00000011111111111111111111000000
00000011111111111100111110000000
00000001111111100000111110000000
00000000111000000000111110000000
00000000000000000001111110000000
00000000000000000001111100000000
00000000000000000001111100000000
00000000000000000111111000000000
00000000000000000111110000000000
00000000000000001111111100000000
00000000000111111111111111000000
00000001111111111111111111100000
00000011111111111111111111100000
00000011111111111111111111100000
00000011111111111111111111000000
00000011111111111111100010000000
00000011111111111110000000000000
00000000100001111110000000000000
00000000000001111100000000000000
00000000000011111100000000000000
00000000000011111100000000000000
00000000000011111100000000000000
00000000000011111100000000000000
00000000000011111100000000000000
00000000000111111100000000000000
00000000001111111000000000000000
00000000000111110000000000000000
Distacia = 25.088043836909808 Cluster = 75 Entrada(1 a 1934) = 9
00000000001000000000000000000000
00000000011000011110000000000000
00000000111101111111000000000000
00000000011111111111110000000000
00000000111111111111111000000000
00000000111111111111111100000000
00000000111111110000011110000000
00000000111111100000011110000000
00000001111111000000011110000000
00000001111110000000001111000000
00000001111110000000001111000000
00000001111100000000001111000000
00000001111100000000001111000000
00000011111000000000000111000000
00000011111000000000000011000000
00000011111100000000000011000000
00000011111100000000000111000000
00000011111000000000000111000000
00000011111000000000001111000000
00000011110000000000011111000000
00000011110000000000011111000000
00000011100000000000111110000000
00000001100000000001111110000000
00000001110000000011111100000000
00000001111000001111111100000000
00000001111000111111110000000000
00000001111111111111100000000000
00000001111111111111000000000000
00000000111111111110000000000000
00000000111111111000000000000000
00000000001111111000000000000000
00000000000011000000000000000000
Distacia = 27.60982501896466 Cluster = 79 Entrada(1 a 1934) = 32
00000000000000111000000000000000
00000000000001111000000000000000
00000000000111111110000000000000
00000000000111111111000000000000
00000000011111111111100000000000
00000000111111111111110000000000
00000000111111000011111000000000
00000001111110000000111000000000
00000001111110000000111100000000
00000001111100000000111100000000
00000011111100000000011110000000
00000011111000000000011110000000
00000001111000000000001111000000
00000001111000000000001111000000
00000011111000000000001111000000
00000011111000000000001111000000
00000011111000000000001111000000
00000011111000000000000111000000
00000011111000000000001111000000
00000011111000000000001111000000
00000011111000000000001111000000
00000001111100000000000111100000
00000001111100000000001111000000
00000001111100000000011111000000
00000000111100000000011111000000
00000000111110000000111110000000
00000000011111111111111110000000
00000000001111111111111100000000
00000000001111111111111000000000
00000000000111111111110000000000
00000000000011111111000000000000
00000000000001111110000000000000
Distacia = 27.620164505970926 Cluster = 52 Entrada(1 a 1934) = 67
00000000000001110000000000000000
00000000000111111000000000000000
00000000111111111000000000000000
00000000011111111110000000000000
00000000111111111111000000000000
00000001111111111111000000000000
00000001111111011111000000000000
00000011111000011111000000000000
00000011111100000111100000000000
00000011110000000111100000000000
00000111110000000111100000000000
00000111100000000111100000000000
00000011100000000111100000000000
00000010000000001111100000000000
00000000000000000111100000000000
00000000000000000111000000000000
00000000000000001111000000000000
00000000000000001111000000000000
00000000000000011111000000000000
00000000000000001111000000000000
00000000000000011111000000000000
00000000000000011110000000000000
00000000000000111100000000000000
00000000000000111100000000000000
00000000000011111111111111100000
00000000000011111111111111110000
00000000001111111111111111110000
00000000011111111111111111110000
00000000011111111111111111110000
00000000111111100000001111100000
00000000001111000000000001100000
00000000000010000000000000000000
Distacia = 28.382429457675467 Cluster = 52 Entrada(1 a 1934) = 26
00000000000001110000000000000000
00000000000111111000000000000000
00000000111111111000000000000000
00000000011111111110000000000000
00000000111111111111000000000000
00000001111111111111000000000000
00000001111111011111000000000000
00000011111000011111000000000000
00000011111100000111100000000000
00000011110000000111100000000000
00000111110000000111100000000000
00000111100000000111100000000000
00000011100000000111100000000000
00000010000000001111100000000000
00000000000000000111100000000000
00000000000000000111000000000000
00000000000000001111000000000000
00000000000000001111000000000000
00000000000000011111000000000000
00000000000000001111000000000000
00000000000000011111000000000000
00000000000000011110000000000000
00000000000000111100000000000000
00000000000000111100000000000000
00000000000011111111111111100000
00000000000011111111111111110000
00000000001111111111111111110000
00000000011111111111111111110000
00000000011111111111111111110000
00000000111111100000001111100000
00000000001111000000000001100000
00000000000010000000000000000000
Distacia = 29.099815179672255 Cluster = 44 Entrada(1 a 1934) = 65
00000000000111111000000000000000
00000000011111111100000000000000
00000001111111111110000000000000
00000011111111111111000000000000
00000011111111111111100000000000
00000011111111111111100000000000
00000011111111001111110000000000
00000011111100001111110000000000
00000001111100000111110000000000
00000001111000000111110000000000
00000000110000000111110000000000
00000000000000000111110000000000
00000000000000001111110000000000
00000000000000000111111000000000
00000000000000001111110000000000
00000000000000001111110000000000
00000000000000011111100000000000
00000000000000111111000000000000
00000000000001111110000000000000
00000000000001111110000000000000
00000000000011111110000000000000
00000000000111111110000000000000
00000000000111111100000000000000
00000000001111111000000000000000
00000000001111111000000000000000
00000000111111111111111111000000
00000001111111111111111111100000
00000000111111111111111111111000
00000001111111111111111111111000
00000001111111111111111111111000
00000001111111111111111111111000
00000001111111111000011111110000
Distacia = 29.167809205900646 Cluster = 55 Entrada(1 a 1934) = 31
00000000000001111111100000000000
00000000001111111111110000000000
00000000011111111111111000000000
00000000111111111111111000000000
00000000111111111111111100000000
00000001111111111111111000000000
00000000111110000111111000000000
00000000011000000111111000000000
00000000000000000111111000000000
00000000000000000111111000000000
00000000000000001111110000000000
00000000000000001111110000000000
00000000000000011111100000000000
00000000000000111111111000000000
00000000111111111111111100000000
00000000111111111111111111000000
00000000111111111111111111100000
00000000111111111111111111100000
00000000111111111111111111100000
00000001111111111111111110000000
00000000111111111100000000000000
00000000111111111000000000000000
00000000001111111000000000000000
00000000001111110000000000000000
00000000001111110000000000000000
00000000001111110000000000000000
00000000001111110000000000000000
00000000001111110000000000000000
00000000011111110000000000000000
00000000011111110000000000000000
00000000011111100000000000000000
00000000011111000000000000000000
Distacia = 29.39901306349575 Cluster = 63 Entrada(1 a 1934) = 29
00000000000000000111000000000000
00000000000000001111111000000000
00000000000000001111111100000000
00000000000000000111111110000000
00000000000000001111111100000000
00000000000000011111111100000000
00000000000000011111111100000000
00000000000000011111111100000000
00000000000000111111111100000000
00000000000000111111111000000000
00000000000001111111111000000000
00000000000011111111111000000000
00000000001111111111111000000000
00000000001111111111111000000000
00000001111111111111111000000000
00000011111111111111111000000000
00000011111111111111110000000000
00000011111111111111110000000000
00000000111000011111110000000000
00000000000000011111110000000000
00000000000000011111110000000000
00000000000000011111110000000000
00000000000000011111110000000000
00000000000000011111100000000000
00000000000000011111110000000000
00000000000000011111110000000000
00000000000000011111110000000000
00000000000000011111111000000000
00000000000000001111111100000000
00000000000000001111111110000000
00000000000000000011111110000000
00000000000000000011111100000000
Distacia = 29.558094650614372 Cluster = 63 Entrada(1 a 1934) = 53
00000000000000000111000000000000
00000000000000001111111000000000
00000000000000001111111100000000
00000000000000000111111110000000
00000000000000001111111100000000
00000000000000011111111100000000
00000000000000011111111100000000
00000000000000011111111100000000
00000000000000111111111100000000
00000000000000111111111000000000
00000000000001111111111000000000
00000000000011111111111000000000
00000000001111111111111000000000
00000000001111111111111000000000
00000001111111111111111000000000
00000011111111111111111000000000
00000011111111111111110000000000
00000011111111111111110000000000
00000000111000011111110000000000
00000000000000011111110000000000
00000000000000011111110000000000
00000000000000011111110000000000
00000000000000011111110000000000
00000000000000011111100000000000
00000000000000011111110000000000
00000000000000011111110000000000
00000000000000011111110000000000
00000000000000011111111000000000
00000000000000001111111100000000
00000000000000001111111110000000
00000000000000000011111110000000
00000000000000000011111100000000
Distacia = 29.83872707368829 Cluster = 79 Entrada(1 a 1934) = 73
00000000000000111000000000000000
00000000000001111000000000000000
00000000000111111110000000000000
00000000000111111111000000000000
00000000011111111111100000000000
00000000111111111111110000000000
00000000111111000011111000000000
00000001111110000000111000000000
00000001111110000000111100000000
00000001111100000000111100000000
00000011111100000000011110000000
00000011111000000000011110000000
00000001111000000000001111000000
00000001111000000000001111000000
00000011111000000000001111000000
00000011111000000000001111000000
00000011111000000000001111000000
00000011111000000000000111000000
00000011111000000000001111000000
00000011111000000000001111000000
00000011111000000000001111000000
00000001111100000000000111100000
00000001111100000000001111000000
00000001111100000000011111000000
00000000111100000000011111000000
00000000111110000000111110000000
00000000011111111111111110000000
00000000001111111111111100000000
00000000001111111111111000000000
00000000000111111111110000000000
00000000000011111111000000000000
00000000000001111110000000000000
Distacia = 29.902917759965966 Cluster = 44 Entrada(1 a 1934) = 49
00000000000111111000000000000000
00000000011111111100000000000000
00000001111111111110000000000000
00000011111111111111000000000000
00000011111111111111100000000000
00000011111111111111100000000000
00000011111111001111110000000000
00000011111100001111110000000000
00000001111100000111110000000000
00000001111000000111110000000000
00000000110000000111110000000000
00000000000000000111110000000000
00000000000000001111110000000000
00000000000000000111111000000000
00000000000000001111110000000000
00000000000000001111110000000000
00000000000000011111100000000000
00000000000000111111000000000000
00000000000001111110000000000000
00000000000001111110000000000000
00000000000011111110000000000000
00000000000111111110000000000000
00000000000111111100000000000000
00000000001111111000000000000000
00000000001111111000000000000000
00000000111111111111111111000000
00000001111111111111111111100000
00000000111111111111111111111000
00000001111111111111111111111000
00000001111111111111111111111000
00000001111111111111111111111000
00000001111111111000011111110000
Distacia = 31.20149927732491 Cluster = 99 Entrada(1 a 1934) = 28
00000000000000110000000000000000
00000000000001111110000000000000
00000000000111111110000000000000
00000000000111111111000000000000
00000000001111111100000000000000
00000000001111110000000000000000
00000000011111100000000000000000
00000000011111100000000000000000
00000000111110000000000000000000
00000000111110000000000000000000
00000000111110000000000000000000
00000001111100000000000000000000
00000000111100000000000000000000
00000000111100000000000000000000
00000001111100000000000000000000
00000000111110111111000000000000
00000001111111111111110000000000
00000001111111111111111000000000
00000000111111111111111110000000
00000001111111100000111110000000
00000001111111000000011111000000
00000000111110000000001111000000
00000000111110000000000111100000
00000000111110000000000111110000
00000000011110000000000111110000
00000000011111000000011111100000
00000000001111000000011111110000
00000000001111111111111111100000
00000000000111111111111111000000
00000000000111111111111100000000
00000000000001111111111100000000
00000000000000011100000000000000
Distacia = 31.319292152512148 Cluster = 91 Entrada(1 a 1934) = 72
00000000000000011110000000000000
00000000011111111111111110000000
00000000011111111111111111000000
00000000111111111111111111000000
00000000111111111111111111100000
00000000011110000000001111000000
00000000110000000000011110000000
00000000000000000001111110000000
00000000000000000001111100000000
00000000000000000011111100000000
00000000000000001111111000000000
00000000000000011111110000000000
00000000000011111111100000000000
00000000000111111111000000000000
00000000001111111111000000000000
00000000001111111111110000000000
00000000001111111111111110000000
00000000000011111111111111000000
00000000000000111111111111000000
00000000000000000000011111000000
00000000000000000000111110000000
00000000000000000000111110000000
00000000000000000000111110000000
00000000000000000001111110000000
00000000000000000011111110000000
00000000000000000111111100000000
00000000000011111111111000000000
00000000001111111111100000000000
00000000001111111111000000000000
00000000011111111110000000000000
00000000011111110000000000000000
00000000001111100000000000000000
Distacia = 31.816790129490563 Cluster = 63 Entrada(1 a 1934) = 62
00000000000000000111000000000000
00000000000000001111111000000000
00000000000000001111111100000000
00000000000000000111111110000000
00000000000000001111111100000000
00000000000000011111111100000000
00000000000000011111111100000000
00000000000000011111111100000000
00000000000000111111111100000000
00000000000000111111111000000000
00000000000001111111111000000000
00000000000011111111111000000000
00000000001111111111111000000000
00000000001111111111111000000000
00000001111111111111111000000000
00000011111111111111111000000000
00000011111111111111110000000000
00000011111111111111110000000000
00000000111000011111110000000000
00000000000000011111110000000000
00000000000000011111110000000000
00000000000000011111110000000000
00000000000000011111110000000000
00000000000000011111100000000000
00000000000000011111110000000000
00000000000000011111110000000000
00000000000000011111110000000000
00000000000000011111111000000000
00000000000000001111111100000000
00000000000000001111111110000000
00000000000000000011111110000000
00000000000000000011111100000000
Distacia = 31.85167504058074 Cluster = 60 Entrada(1 a 1934) = 18
00000000000011001111111100000000
00000000000111111111111100000000
00000000001111111111111110000000
00000000011111111111111111000000
00000000011111111111111111100000
00000000011111110011111111000000
00000000001111000000111111100000
00000000000000000000111111000000
00000000000000000000111111000000
00000000000000000000111111000000
00000000000000000001111110000000
00000000000011000111111111100000
00000000001111111111111111110000
00000000011111111111111111110000
00000000011111111111111111110000
00000000111111111111111111000000
00000000011111111111100000000000
00000000000001111111000000000000
00000000000000111110000000000000
00000000000000111110000000000000
00000000000000111110000000000000
00000000000001111110000000000000
00000000000011111100000000000000
00000000000011111100000000000000
00000000000011111000000000000000
00000000000111110000000000000000
00000000000111110000000000000000
00000000001111110000000000000000
00000000001111100000000000000000
00000000001111110000000000000000
00000000001111100000000000000000
00000000001111000000000000000000
Distacia = 31.923023694932667 Cluster = 85 Entrada(1 a 1934) = 22
00000000000000000001000000000000
00000000000000011111111000000000
00000000001111111111111110000000
00000000001111111111111110000000
00000000111111111000111111000000
00000000111111100000001111000000
00000011111110000000011111000000
00000011111110000000011111000000
00000011111000000001111110000000
00000011111000000011111110000000
00000011111100001111111000000000
00000011111001111111111000000000
00000001111111111111111000000000
00000001111111111111111000000000
00000001111111111111111000000000
00000000111111111111111100000000
00000000111111100001111110000000
00000000011111100000011110000000
00000000011111000000001111000000
00000000011111000000001111000000
00000000011110000000001111000000
00000000011110000000001111000000
00000000011110000000001111000000
00000000011110000000001111000000
00000000011110000000011110000000
00000000011110000001111110000000
00000000011111000011111100000000
00000000011111111111110000000000
00000000011111111111100000000000
00000000001111111111000000000000
00000000000111111110000000000000
00000000000000100000000000000000
Distacia = 32.059117565871844 Cluster = 68 Entrada(1 a 1934) = 45
00000000000000000000011111000000
00000000000000000011111111100000
00000000000000000111111111100000
00000000000000001111111111110000
00000000000000111111100111111000
00000000000011111110000111110000
00000000000111111100000111110000
00000000000111110000001111110000
00000000000111100000001111110000
00000000011110000000001111100000
00000000111100000000111111000000
00000000111100000001111111000000
00000000111100000011111111000000
00000000111100000111111110000000
00000011111001111111111100000000
00000011111111111111111100000000
00000001111111110000111100000000
00000001111111110000111100000000
00000000111111100000111100000000
00000000000000000001111000000000
00000000000000000001111000000000
00000000000000000001111000000000
00000000000000000001111000000000
00000000000000000011110000000000
00000000000000000011110000000000
00000000000000000011110000000000
00000000000000000011110000000000
00000000000000000011110000000000
00000000000000000111110000000000
00000000000000000111110000000000
00000000000000000011110000000000
00000000000000000001100000000000
Distacia = 32.18364923792637 Cluster = 91 Entrada(1 a 1934) = 60
00000000000000011110000000000000
00000000011111111111111110000000
00000000011111111111111111000000
00000000111111111111111111000000
00000000111111111111111111100000
00000000011110000000001111000000
00000000110000000000011110000000
00000000000000000001111110000000
00000000000000000001111100000000
00000000000000000011111100000000
00000000000000001111111000000000
00000000000000011111110000000000
00000000000011111111100000000000
00000000000111111111000000000000
00000000001111111111000000000000
00000000001111111111110000000000
00000000001111111111111110000000
00000000000011111111111111000000
00000000000000111111111111000000
00000000000000000000011111000000
00000000000000000000111110000000
00000000000000000000111110000000
00000000000000000000111110000000
00000000000000000001111110000000
00000000000000000011111110000000
00000000000000000111111100000000
00000000000011111111111000000000
00000000001111111111100000000000
00000000001111111111000000000000
00000000011111111110000000000000
00000000011111110000000000000000
00000000001111100000000000000000
Distacia = 32.94389331151605 Cluster = 68 Entrada(1 a 1934) = 40
00000000000000000000011111000000
00000000000000000011111111100000
00000000000000000111111111100000
00000000000000001111111111110000
00000000000000111111100111111000
00000000000011111110000111110000
00000000000111111100000111110000
00000000000111110000001111110000
00000000000111100000001111110000
00000000011110000000001111100000
00000000111100000000111111000000
00000000111100000001111111000000
00000000111100000011111111000000
00000000111100000111111110000000
00000011111001111111111100000000
00000011111111111111111100000000
00000001111111110000111100000000
00000001111111110000111100000000
00000000111111100000111100000000
00000000000000000001111000000000
00000000000000000001111000000000
00000000000000000001111000000000
00000000000000000001111000000000
00000000000000000011110000000000
00000000000000000011110000000000
00000000000000000011110000000000
00000000000000000011110000000000
00000000000000000011110000000000
00000000000000000111110000000000
00000000000000000111110000000000
00000000000000000011110000000000
00000000000000000001100000000000
Distacia = 33.09288799000193 Cluster = 55 Entrada(1 a 1934) = 77
00000000000001111111100000000000
00000000001111111111110000000000
00000000011111111111111000000000
00000000111111111111111000000000
00000000111111111111111100000000
00000001111111111111111000000000
00000000111110000111111000000000
00000000011000000111111000000000
00000000000000000111111000000000
00000000000000000111111000000000
00000000000000001111110000000000
00000000000000001111110000000000
00000000000000011111100000000000
00000000000000111111111000000000
00000000111111111111111100000000
00000000111111111111111111000000
00000000111111111111111111100000
00000000111111111111111111100000
00000000111111111111111111100000
00000001111111111111111110000000
00000000111111111100000000000000
00000000111111111000000000000000
00000000001111111000000000000000
00000000001111110000000000000000
00000000001111110000000000000000
00000000001111110000000000000000
00000000001111110000000000000000
00000000001111110000000000000000
00000000011111110000000000000000
00000000011111110000000000000000
00000000011111100000000000000000
00000000011111000000000000000000
Distacia = 33.344088125099844 Cluster = 79 Entrada(1 a 1934) = 27
00000000000000111000000000000000
00000000000001111000000000000000
00000000000111111110000000000000
00000000000111111111000000000000
00000000011111111111100000000000
00000000111111111111110000000000
00000000111111000011111000000000
00000001111110000000111000000000
00000001111110000000111100000000
00000001111100000000111100000000
00000011111100000000011110000000
00000011111000000000011110000000
00000001111000000000001111000000
00000001111000000000001111000000
00000011111000000000001111000000
00000011111000000000001111000000
00000011111000000000001111000000
00000011111000000000000111000000
00000011111000000000001111000000
00000011111000000000001111000000
00000011111000000000001111000000
00000001111100000000000111100000
00000001111100000000001111000000
00000001111100000000011111000000
00000000111100000000011111000000
00000000111110000000111110000000
00000000011111111111111110000000
00000000001111111111111100000000
00000000001111111111111000000000
00000000000111111111110000000000
00000000000011111111000000000000
00000000000001111110000000000000
Distacia = 34.049889619626626 Cluster = 99 Entrada(1 a 1934) = 59
00000000000000110000000000000000
00000000000001111110000000000000
00000000000111111110000000000000
00000000000111111111000000000000
00000000001111111100000000000000
00000000001111110000000000000000
00000000011111100000000000000000
00000000011111100000000000000000
00000000111110000000000000000000
00000000111110000000000000000000
00000000111110000000000000000000
00000001111100000000000000000000
00000000111100000000000000000000
00000000111100000000000000000000
00000001111100000000000000000000
00000000111110111111000000000000
00000001111111111111110000000000
00000001111111111111111000000000
00000000111111111111111110000000
00000001111111100000111110000000
00000001111111000000011111000000
00000000111110000000001111000000
00000000111110000000000111100000
00000000111110000000000111110000
00000000011110000000000111110000
00000000011111000000011111100000
00000000001111000000011111110000
00000000001111111111111111100000
00000000000111111111111111000000
00000000000111111111111100000000
00000000000001111111111100000000
00000000000000011100000000000000
Distacia = 36.36810952770677 Cluster = 85 Entrada(1 a 1934) = 19
00000000000000000001000000000000
00000000000000011111111000000000
00000000001111111111111110000000
00000000001111111111111110000000
00000000111111111000111111000000
00000000111111100000001111000000
00000011111110000000011111000000
00000011111110000000011111000000
00000011111000000001111110000000
00000011111000000011111110000000
00000011111100001111111000000000
00000011111001111111111000000000
00000001111111111111111000000000
00000001111111111111111000000000
00000001111111111111111000000000
00000000111111111111111100000000
00000000111111100001111110000000
00000000011111100000011110000000
00000000011111000000001111000000
00000000011111000000001111000000
00000000011110000000001111000000
00000000011110000000001111000000
00000000011110000000001111000000
00000000011110000000001111000000
00000000011110000000011110000000
00000000011110000001111110000000
00000000011111000011111100000000
00000000011111111111110000000000
00000000011111111111100000000000
00000000001111111111000000000000
00000000000111111110000000000000
00000000000000100000000000000000
Distacia = 37.279361239870994 Cluster = 67 Entrada(1 a 1934) = 54
00000000000000000001100000000000
00000000000000000111111000000000
00000000000000001111111111000000
00000000000001111111111111100000
00000000000001111111100111100000
00000000000011111111001111110000
00000000000111111100011111110000
00000000001111111000001111100000
00000000011111110000011111100000
00000000111111100000011111100000
00000000111111000000011111100000
00000001111100000000111110000000
00000011111100000000111111000000
00000011111110011111111111000000
00000011111111111111111111000000
00000011111111111111111111000000
00000011111111111111111111000000
00000001111111111111111100000000
00000000111111111111111000000000
00000000001110000011111000000000
00000000000000000011111000000000
00000000000000000011111000000000
00000000000000000111110000000000
00000000000000000111110000000000
00000000000000000111110000000000
00000000000000001111110000000000
00000000000000001111100000000000
00000000000000001111100000000000
00000000000000001111100000000000
00000000000000001111000000000000
00000000000000011111000000000000
00000000000000001110000000000000
Distacia = 37.359105708865656 Cluster = 69 Entrada(1 a 1934) = 4
00000000000000000001111000000000
00000000000000000011111110000000
00000000000000011111111111111000
00000000000000111111111111111000
00000000000011111111111111111000
00000000000011111111011111111000
00000000000111111000001111111000
00000000000111110000001111111000
00000000001111100000011111110000
00000000011110000000111111110000
00000000111110000000111111100000
00000000111110000001111111000000
00000011111111001111111111000000
00000011111111111111111111000000
00000001111111111111111111000000
00000001111111111111111110000000
00000000111111111111111110000000
00000000001111100011111100000000
00000000000000000011111000000000
00000000000000000111111000000000
00000000000000000111111000000000
00000000000000000111100000000000
00000000000000001111100000000000
00000000000000000111100000000000
00000000000000001111000000000000
00000000000000001111000000000000
00000000000000011111000000000000
00000000000000011111000000000000
00000000000000011111000000000000
00000000000000011111000000000000
00000000000000111111000000000000
00000000000000011110000000000000
Distacia = 39.04833297412506 Cluster = 85 Entrada(1 a 1934) = 30
00000000000000000001000000000000
00000000000000011111111000000000
00000000001111111111111110000000
00000000001111111111111110000000
00000000111111111000111111000000
00000000111111100000001111000000
00000011111110000000011111000000
00000011111110000000011111000000
00000011111000000001111110000000
00000011111000000011111110000000
00000011111100001111111000000000
00000011111001111111111000000000
00000001111111111111111000000000
00000001111111111111111000000000
00000001111111111111111000000000
00000000111111111111111100000000
00000000111111100001111110000000
00000000011111100000011110000000
00000000011111000000001111000000
00000000011111000000001111000000
00000000011110000000001111000000
00000000011110000000001111000000
00000000011110000000001111000000
00000000011110000000001111000000
00000000011110000000011110000000
00000000011110000001111110000000
00000000011111000011111100000000
00000000011111111111110000000000
00000000011111111111100000000000
00000000001111111111000000000000
00000000000111111110000000000000
00000000000000100000000000000000
Distacia = 40.19720292062334 Cluster = 72 Entrada(1 a 1934) = 24
00000000000000000000000100000000
00000000000000000111111111000000
00000000000000001111111111100000
00000000000111111111111111000000
00000000001111111111111111000000
00000000111111111111111111000000
00000001111111100001111110000000
00000001111110000001111100000000
00000011111100000011111100000000
00000001111000001111111000000000
00000011111000111111110000000000
00000011111111111111111000000000
00000011111111111111111000000000
00000000111111111111111100000000
00000000111111100001111100000000
00000000000000000001111110000000
00000000000000000000111110000000
00000000000000000000111110000000
00000000000000000000111110000000
00000000000000000000111110000000
00000000000000000000111110000000
00000000000000000001111110000000
00000000000000000001111110000000
00000000000000000001111100000000
00000000000000000001111000000000
00000000000000000011111000000000
00000000000000000111111000000000
00000000000000001111110000000000
00000000000000001111110000000000
00000000000000001111100000000000
00000000000000011111000000000000
00000000000000001100000000000000
Distacia = 40.24959560494167 Cluster = 88 Entrada(1 a 1934) = 48
00000000000000110000000000000000
00000000000001111110000000000000
00000000001111111111100000000000
00000000111111111111110000000000
00000000111111111111110000000000
00000001111111110011111000000000
00000011111110000011110000000000
00000011111100000111110000000000
00000111110000001111110000000000
00000111110000011111100000000000
00000011111000011111110000000000
00000001111000111111100000000000
00000000111111111111100000000000
00000000111111111111110000000000
00000000111111111111111000000000
00000000111111111111111110000000
00000000111111110001111110000000
00000000111110000000111111000000
00000000000000000000011111000000
00000000000000000000001111000000
00000000000000000000001111000000
00000000011000000000001111000000
00000000111000000000011111000000
00000000111100000000001111000000
00000000111100000000111111000000
00000000111100000001111110000000
00000000111111000111111110000000
00000000111111111111111100000000
00000000011111111111111000000000
00000000001111111111110000000000
00000000000111111111000000000000
00000000000000110010000000000000
Distacia = 41.07876191789815 Cluster = 55 Entrada(1 a 1934) = 3
00000000000001111111100000000000
00000000001111111111110000000000
00000000011111111111111000000000
00000000111111111111111000000000
00000000111111111111111100000000
00000001111111111111111000000000
00000000111110000111111000000000
00000000011000000111111000000000
00000000000000000111111000000000
00000000000000000111111000000000
00000000000000001111110000000000
00000000000000001111110000000000
00000000000000011111100000000000
00000000000000111111111000000000
00000000111111111111111100000000
00000000111111111111111111000000
00000000111111111111111111100000
00000000111111111111111111100000
00000000111111111111111111100000
00000001111111111111111110000000
00000000111111111100000000000000
00000000111111111000000000000000
00000000001111111000000000000000
00000000001111110000000000000000
00000000001111110000000000000000
00000000001111110000000000000000
00000000001111110000000000000000
00000000001111110000000000000000
00000000011111110000000000000000
00000000011111110000000000000000
00000000011111100000000000000000
00000000011111000000000000000000
Distacia = 41.30657223358951 Cluster = 72 Entrada(1 a 1934) = 7
00000000000000000000000100000000
00000000000000000111111111000000
00000000000000001111111111100000
00000000000111111111111111000000
00000000001111111111111111000000
00000000111111111111111111000000
00000001111111100001111110000000
00000001111110000001111100000000
00000011111100000011111100000000
00000001111000001111111000000000
00000011111000111111110000000000
00000011111111111111111000000000
00000011111111111111111000000000
00000000111111111111111100000000
00000000111111100001111100000000
00000000000000000001111110000000
00000000000000000000111110000000
00000000000000000000111110000000
00000000000000000000111110000000
00000000000000000000111110000000
00000000000000000000111110000000
00000000000000000001111110000000
00000000000000000001111110000000
00000000000000000001111100000000
00000000000000000001111000000000
00000000000000000011111000000000
00000000000000000111111000000000
00000000000000001111110000000000
00000000000000001111110000000000
00000000000000001111100000000000
00000000000000011111000000000000
00000000000000001100000000000000
Distacia = 41.63559446484126 Cluster = 60 Entrada(1 a 1934) = 33
00000000000011001111111100000000
00000000000111111111111100000000
00000000001111111111111110000000
00000000011111111111111111000000
00000000011111111111111111100000
00000000011111110011111111000000
00000000001111000000111111100000
00000000000000000000111111000000
00000000000000000000111111000000
00000000000000000000111111000000
00000000000000000001111110000000
00000000000011000111111111100000
00000000001111111111111111110000
00000000011111111111111111110000
00000000011111111111111111110000
00000000111111111111111111000000
00000000011111111111100000000000
00000000000001111111000000000000
00000000000000111110000000000000
00000000000000111110000000000000
00000000000000111110000000000000
00000000000001111110000000000000
00000000000011111100000000000000
00000000000011111100000000000000
00000000000011111000000000000000
00000000000111110000000000000000
00000000000111110000000000000000
00000000001111110000000000000000
00000000001111100000000000000000
00000000001111110000000000000000
00000000001111100000000000000000
00000000001111000000000000000000
Distacia = 41.66116948734315 Cluster = 63 Entrada(1 a 1934) = 12
00000000000000000111000000000000
00000000000000001111111000000000
00000000000000001111111100000000
00000000000000000111111110000000
00000000000000001111111100000000
00000000000000011111111100000000
00000000000000011111111100000000
00000000000000011111111100000000
00000000000000111111111100000000
00000000000000111111111000000000
00000000000001111111111000000000
00000000000011111111111000000000
00000000001111111111111000000000
00000000001111111111111000000000
00000001111111111111111000000000
00000011111111111111111000000000
00000011111111111111110000000000
00000011111111111111110000000000
00000000111000011111110000000000
00000000000000011111110000000000
00000000000000011111110000000000
00000000000000011111110000000000
00000000000000011111110000000000
00000000000000011111100000000000
00000000000000011111110000000000
00000000000000011111110000000000
00000000000000011111110000000000
00000000000000011111111000000000
00000000000000001111111100000000
00000000000000001111111110000000
00000000000000000011111110000000
00000000000000000011111100000000
Distacia = 41.996943090937 Cluster = 99 Entrada(1 a 1934) = 55
00000000000000110000000000000000
00000000000001111110000000000000
00000000000111111110000000000000
00000000000111111111000000000000
00000000001111111100000000000000
00000000001111110000000000000000
00000000011111100000000000000000
00000000011111100000000000000000
00000000111110000000000000000000
00000000111110000000000000000000
00000000111110000000000000000000
00000001111100000000000000000000
00000000111100000000000000000000
00000000111100000000000000000000
00000001111100000000000000000000
00000000111110111111000000000000
00000001111111111111110000000000
00000001111111111111111000000000
00000000111111111111111110000000
00000001111111100000111110000000
00000001111111000000011111000000
00000000111110000000001111000000
00000000111110000000000111100000
00000000111110000000000111110000
00000000011110000000000111110000
00000000011111000000011111100000
00000000001111000000011111110000
00000000001111111111111111100000
00000000000111111111111111000000
00000000000111111111111100000000
00000000000001111111111100000000
00000000000000011100000000000000
Distacia = 42.75571037880691 Cluster = 94 Entrada(1 a 1934) = 75
00000000000000000010100000000000
00000000000001111111111000000000
00000000001111111111111000000000
00000000111111111111111100000000
00000001111111111111111110000000
00000011111111111111111110000000
00000111111111000001111110000000
00000011111100000000111110000000
00000011110000000000111110000000
00000011000000000001111110000000
00000000000000000000111110000000
00000000000000000001111110000000
00000000000000000011111100000000
00000000000000001111111000000000
00000000000000011111110000000000
00000000000001111111100000000000
00000000000111111111100000000000
00000000001111111111110000000000
00000000001111111111111000000000
00000000001111111111111100000000
00000000000111100011111100000000
00000000001110000011111110000000
00000000000000000000111111000000
00000000000000000000011111100000
00000000000000000000011111100000
00000000000000000000011111100000
00000000000100000011111111100000
00000000001111111111111110000000
00000000001111111111111110000000
00000000001111111111111000000000
00000000001111111111111000000000
00000000000111111000000000000000
Distacia = 43.89632870520134 Cluster = 59 Entrada(1 a 1934) = 52
00000000000000000011110000000000
00000000000000001111111100000000
00000000000011111111111111100000
00000000000111111111111111100000
00000000000111111111111111100000
00000000000111111101111111110000
00000000000111100000001111110000
00000000000000000000001111100000
00000000000000000000001111100000
00000000000000000000001111100000
00000000000000000000001111100000
00000000000000000000011111000000
00000000000000000000011111000000
00000000111111111111111111000000
00000000111111111111111111000000
00000001111111111111111111000000
00000000111111111111111110000000
00000000011111110111111100000000
00000000000000000111111000000000
00000000000000001111110000000000
00000000000000001111100000000000
00000000000000001111100000000000
00000000000000111111000000000000
00000000000000111110000000000000
00000000000000111100000000000000
00000000000001111100000000000000
00000000000011111000000000000000
00000000000011111000000000000000
00000000000011111000000000000000
00000000000011111000000000000000
00000000000111110000000000000000
00000000000011000000000000000000
Distacia = 45.10779390132177 Cluster = 59 Entrada(1 a 1934) = 37
00000000000000000011110000000000
00000000000000001111111100000000
00000000000011111111111111100000
00000000000111111111111111100000
00000000000111111111111111100000
00000000000111111101111111110000
00000000000111100000001111110000
00000000000000000000001111100000
00000000000000000000001111100000
00000000000000000000001111100000
00000000000000000000001111100000
00000000000000000000011111000000
00000000000000000000011111000000
00000000111111111111111111000000
00000000111111111111111111000000
00000001111111111111111111000000
00000000111111111111111110000000
00000000011111110111111100000000
00000000000000000111111000000000
00000000000000001111110000000000
00000000000000001111100000000000
00000000000000001111100000000000
00000000000000111111000000000000
00000000000000111110000000000000
00000000000000111100000000000000
00000000000001111100000000000000
00000000000011111000000000000000
00000000000011111000000000000000
00000000000011111000000000000000
00000000000011111000000000000000
00000000000111110000000000000000
00000000000011000000000000000000
Distacia = 45.121888854588974 Cluster = 99 Entrada(1 a 1934) = 46
00000000000000110000000000000000
00000000000001111110000000000000
00000000000111111110000000000000
00000000000111111111000000000000
00000000001111111100000000000000
00000000001111110000000000000000
00000000011111100000000000000000
00000000011111100000000000000000
00000000111110000000000000000000
00000000111110000000000000000000
00000000111110000000000000000000
00000001111100000000000000000000
00000000111100000000000000000000
00000000111100000000000000000000
00000001111100000000000000000000
00000000111110111111000000000000
00000001111111111111110000000000
00000001111111111111111000000000
00000000111111111111111110000000
00000001111111100000111110000000
00000001111111000000011111000000
00000000111110000000001111000000
00000000111110000000000111100000
00000000111110000000000111110000
00000000011110000000000111110000
00000000011111000000011111100000
00000000001111000000011111110000
00000000001111111111111111100000
00000000000111111111111111000000
00000000000111111111111100000000
00000000000001111111111100000000
00000000000000011100000000000000
Distacia = 45.506787053396145 Cluster = 67 Entrada(1 a 1934) = 35
00000000000000000001100000000000
00000000000000000111111000000000
00000000000000001111111111000000
00000000000001111111111111100000
00000000000001111111100111100000
00000000000011111111001111110000
00000000000111111100011111110000
00000000001111111000001111100000
00000000011111110000011111100000
00000000111111100000011111100000
00000000111111000000011111100000
00000001111100000000111110000000
00000011111100000000111111000000
00000011111110011111111111000000
00000011111111111111111111000000
00000011111111111111111111000000
00000011111111111111111111000000
00000001111111111111111100000000
00000000111111111111111000000000
00000000001110000011111000000000
00000000000000000011111000000000
00000000000000000011111000000000
00000000000000000111110000000000
00000000000000000111110000000000
00000000000000000111110000000000
00000000000000001111110000000000
00000000000000001111100000000000
00000000000000001111100000000000
00000000000000001111100000000000
00000000000000001111000000000000
00000000000000011111000000000000
00000000000000001110000000000000
Distacia = 46.042015529015785 Cluster = 94 Entrada(1 a 1934) = 15
00000000000000000010100000000000
00000000000001111111111000000000
00000000001111111111111000000000
00000000111111111111111100000000
00000001111111111111111110000000
00000011111111111111111110000000
00000111111111000001111110000000
00000011111100000000111110000000
00000011110000000000111110000000
00000011000000000001111110000000
00000000000000000000111110000000
00000000000000000001111110000000
00000000000000000011111100000000
00000000000000001111111000000000
00000000000000011111110000000000
00000000000001111111100000000000
00000000000111111111100000000000
00000000001111111111110000000000
00000000001111111111111000000000
00000000001111111111111100000000
00000000000111100011111100000000
00000000001110000011111110000000
00000000000000000000111111000000
00000000000000000000011111100000
00000000000000000000011111100000
00000000000000000000011111100000
00000000000100000011111111100000
00000000001111111111111110000000
00000000001111111111111110000000
00000000001111111111111000000000
00000000001111111111111000000000
00000000000111111000000000000000
Distacia = 47.53309085630329 Cluster = 69 Entrada(1 a 1934) = 13
00000000000000000001111000000000
00000000000000000011111110000000
00000000000000011111111111111000
00000000000000111111111111111000
00000000000011111111111111111000
00000000000011111111011111111000
00000000000111111000001111111000
00000000000111110000001111111000
00000000001111100000011111110000
00000000011110000000111111110000
00000000111110000000111111100000
00000000111110000001111111000000
00000011111111001111111111000000
00000011111111111111111111000000
00000001111111111111111111000000
00000001111111111111111110000000
00000000111111111111111110000000
00000000001111100011111100000000
00000000000000000011111000000000
00000000000000000111111000000000
00000000000000000111111000000000
00000000000000000111100000000000
00000000000000001111100000000000
00000000000000000111100000000000
00000000000000001111000000000000
00000000000000001111000000000000
00000000000000011111000000000000
00000000000000011111000000000000
00000000000000011111000000000000
00000000000000011111000000000000
00000000000000111111000000000000
00000000000000011110000000000000
Distacia = 47.85363337933288 Cluster = 60 Entrada(1 a 1934) = 11
00000000000011001111111100000000
00000000000111111111111100000000
00000000001111111111111110000000
00000000011111111111111111000000
00000000011111111111111111100000
00000000011111110011111111000000
00000000001111000000111111100000
00000000000000000000111111000000
00000000000000000000111111000000
00000000000000000000111111000000
00000000000000000001111110000000
00000000000011000111111111100000
00000000001111111111111111110000
00000000011111111111111111110000
00000000011111111111111111110000
00000000111111111111111111000000
00000000011111111111100000000000
00000000000001111111000000000000
00000000000000111110000000000000
00000000000000111110000000000000
00000000000000111110000000000000
00000000000001111110000000000000
00000000000011111100000000000000
00000000000011111100000000000000
00000000000011111000000000000000
00000000000111110000000000000000
00000000000111110000000000000000
00000000001111110000000000000000
00000000001111100000000000000000
00000000001111110000000000000000
00000000001111100000000000000000
00000000001111000000000000000000
Distacia = 48.3760155588905 Cluster = 63 Entrada(1 a 1934) = 36
00000000000000000111000000000000
00000000000000001111111000000000
00000000000000001111111100000000
00000000000000000111111110000000
00000000000000001111111100000000
00000000000000011111111100000000
00000000000000011111111100000000
00000000000000011111111100000000
00000000000000111111111100000000
00000000000000111111111000000000
00000000000001111111111000000000
00000000000011111111111000000000
00000000001111111111111000000000
00000000001111111111111000000000
00000001111111111111111000000000
00000011111111111111111000000000
00000011111111111111110000000000
00000011111111111111110000000000
00000000111000011111110000000000
00000000000000011111110000000000
00000000000000011111110000000000
00000000000000011111110000000000
00000000000000011111110000000000
00000000000000011111100000000000
00000000000000011111110000000000
00000000000000011111110000000000
00000000000000011111110000000000
00000000000000011111111000000000
00000000000000001111111100000000
00000000000000001111111110000000
00000000000000000011111110000000
00000000000000000011111100000000
Distacia = 50.308162998497785 Cluster = 66 Entrada(1 a 1934) = 68
00000000000000000000000000000000
00000000000000000111000000000000
00000000000000001111100000000000
00000000000000001111100000000000
00000000000000111111000000000000
00000000000000111110000000000000
00000000000000111110000000000000
00000000000000111100000000000000
00000000000001111100000000000000
00000000000011111000000111000000
00000000000111111000000111100000
00000000000111110000001111100000
00000000001111100000001111100000
00000000011111100000001111100000
00000000111111000000011111000000
00000001111100000000011111000000
00000011111100000000111111000000
00000011111100000001111111000000
00000011111111111111111111000000
00000111111111111111111110000000
00000111111111111111111110000000
00000011111111111111111100000000
00000001111111110111111000000000
00000000000000000011111000000000
00000000000000000111110000000000
00000000000000000111110000000000
00000000000000001111110000000000
00000000000000001111110000000000
00000000000000011111110000000000
00000000000000011111100000000000
00000000000000011111100000000000
00000000000000001111000000000000
Distacia = 50.55517424764727 Cluster = 67 Entrada(1 a 1934) = 58
00000000000000000001100000000000
00000000000000000111111000000000
00000000000000001111111111000000
00000000000001111111111111100000
00000000000001111111100111100000
00000000000011111111001111110000
00000000000111111100011111110000
00000000001111111000001111100000
00000000011111110000011111100000
00000000111111100000011111100000
00000000111111000000011111100000
00000001111100000000111110000000
00000011111100000000111111000000
00000011111110011111111111000000
00000011111111111111111111000000
00000011111111111111111111000000
00000011111111111111111111000000
00000001111111111111111100000000
00000000111111111111111000000000
00000000001110000011111000000000
00000000000000000011111000000000
00000000000000000011111000000000
00000000000000000111110000000000
00000000000000000111110000000000
00000000000000000111110000000000
00000000000000001111110000000000
00000000000000001111100000000000
00000000000000001111100000000000
00000000000000001111100000000000
00000000000000001111000000000000
00000000000000011111000000000000
00000000000000001110000000000000
Distacia = 50.838659397654496 Cluster = 99 Entrada(1 a 1934) = 34
00000000000000110000000000000000
00000000000001111110000000000000
00000000000111111110000000000000
00000000000111111111000000000000
00000000001111111100000000000000
00000000001111110000000000000000
00000000011111100000000000000000
00000000011111100000000000000000
00000000111110000000000000000000
00000000111110000000000000000000
00000000111110000000000000000000
00000001111100000000000000000000
00000000111100000000000000000000
00000000111100000000000000000000
00000001111100000000000000000000
00000000111110111111000000000000
00000001111111111111110000000000
00000001111111111111111000000000
00000000111111111111111110000000
00000001111111100000111110000000
00000001111111000000011111000000
00000000111110000000001111000000
00000000111110000000000111100000
00000000111110000000000111110000
00000000011110000000000111110000
00000000011111000000011111100000
00000000001111000000011111110000
00000000001111111111111111100000
00000000000111111111111111000000
00000000000111111111111100000000
00000000000001111111111100000000
00000000000000011100000000000000
Distacia = 51.37353150845776 Cluster = 69 Entrada(1 a 1934) = 17
00000000000000000001111000000000
00000000000000000011111110000000
00000000000000011111111111111000
00000000000000111111111111111000
00000000000011111111111111111000
00000000000011111111011111111000
00000000000111111000001111111000
00000000000111110000001111111000
00000000001111100000011111110000
00000000011110000000111111110000
00000000111110000000111111100000
00000000111110000001111111000000
00000011111111001111111111000000
00000011111111111111111111000000
00000001111111111111111111000000
00000001111111111111111110000000
00000000111111111111111110000000
00000000001111100011111100000000
00000000000000000011111000000000
00000000000000000111111000000000
00000000000000000111111000000000
00000000000000000111100000000000
00000000000000001111100000000000
00000000000000000111100000000000
00000000000000001111000000000000
00000000000000001111000000000000
00000000000000011111000000000000
00000000000000011111000000000000
00000000000000011111000000000000
00000000000000011111000000000000
00000000000000111111000000000000
00000000000000011110000000000000
Distacia = 51.696561635759316 Cluster = 66 Entrada(1 a 1934) = 20
00000000000000000000000000000000
00000000000000000111000000000000
00000000000000001111100000000000
00000000000000001111100000000000
00000000000000111111000000000000
00000000000000111110000000000000
00000000000000111110000000000000
00000000000000111100000000000000
00000000000001111100000000000000
00000000000011111000000111000000
00000000000111111000000111100000
00000000000111110000001111100000
00000000001111100000001111100000
00000000011111100000001111100000
00000000111111000000011111000000
00000001111100000000011111000000
00000011111100000000111111000000
00000011111100000001111111000000
00000011111111111111111111000000
00000111111111111111111110000000
00000111111111111111111110000000
00000011111111111111111100000000
00000001111111110111111000000000
00000000000000000011111000000000
00000000000000000111110000000000
00000000000000000111110000000000
00000000000000001111110000000000
00000000000000001111110000000000
00000000000000011111110000000000
00000000000000011111100000000000
00000000000000011111100000000000
00000000000000001111000000000000
Distacia = 52.96807099493014 Cluster = 79 Entrada(1 a 1934) = 2
00000000000000111000000000000000
00000000000001111000000000000000
00000000000111111110000000000000
00000000000111111111000000000000
00000000011111111111100000000000
00000000111111111111110000000000
00000000111111000011111000000000
00000001111110000000111000000000
00000001111110000000111100000000
00000001111100000000111100000000
00000011111100000000011110000000
00000011111000000000011110000000
00000001111000000000001111000000
00000001111000000000001111000000
00000011111000000000001111000000
00000011111000000000001111000000
00000011111000000000001111000000
00000011111000000000000111000000
00000011111000000000001111000000
00000011111000000000001111000000
00000011111000000000001111000000
00000001111100000000000111100000
00000001111100000000001111000000
00000001111100000000011111000000
00000000111100000000011111000000
00000000111110000000111110000000
00000000011111111111111110000000
00000000001111111111111100000000
00000000001111111111111000000000
00000000000111111111110000000000
00000000000011111111000000000000
00000000000001111110000000000000
Distacia = 54.24465323075894 Cluster = 69 Entrada(1 a 1934) = 39
00000000000000000001111000000000
00000000000000000011111110000000
00000000000000011111111111111000
00000000000000111111111111111000
00000000000011111111111111111000
00000000000011111111011111111000
00000000000111111000001111111000
00000000000111110000001111111000
00000000001111100000011111110000
00000000011110000000111111110000
00000000111110000000111111100000
00000000111110000001111111000000
00000011111111001111111111000000
00000011111111111111111111000000
00000001111111111111111111000000
00000001111111111111111110000000
00000000111111111111111110000000
00000000001111100011111100000000
00000000000000000011111000000000
00000000000000000111111000000000
00000000000000000111111000000000
00000000000000000111100000000000
00000000000000001111100000000000
00000000000000000111100000000000
00000000000000001111000000000000
00000000000000001111000000000000
00000000000000011111000000000000
00000000000000011111000000000000
00000000000000011111000000000000
00000000000000011111000000000000
00000000000000111111000000000000
00000000000000011110000000000000
Distacia = 54.967484829251376 Cluster = 88 Entrada(1 a 1934) = 38
00000000000000110000000000000000
00000000000001111110000000000000
00000000001111111111100000000000
00000000111111111111110000000000
00000000111111111111110000000000
00000001111111110011111000000000
00000011111110000011110000000000
00000011111100000111110000000000
00000111110000001111110000000000
00000111110000011111100000000000
00000011111000011111110000000000
00000001111000111111100000000000
00000000111111111111100000000000
00000000111111111111110000000000
00000000111111111111111000000000
00000000111111111111111110000000
00000000111111110001111110000000
00000000111110000000111111000000
00000000000000000000011111000000
00000000000000000000001111000000
00000000000000000000001111000000
00000000011000000000001111000000
00000000111000000000011111000000
00000000111100000000001111000000
00000000111100000000111111000000
00000000111100000001111110000000
00000000111111000111111110000000
00000000111111111111111100000000
00000000011111111111111000000000
00000000001111111111110000000000
00000000000111111111000000000000
00000000000000110010000000000000
Distacia = 56.12563060291632 Cluster = 88 Entrada(1 a 1934) = 50
00000000000000110000000000000000
00000000000001111110000000000000
00000000001111111111100000000000
00000000111111111111110000000000
00000000111111111111110000000000
00000001111111110011111000000000
00000011111110000011110000000000
00000011111100000111110000000000
00000111110000001111110000000000
00000111110000011111100000000000
00000011111000011111110000000000
00000001111000111111100000000000
00000000111111111111100000000000
00000000111111111111110000000000
00000000111111111111111000000000
00000000111111111111111110000000
00000000111111110001111110000000
00000000111110000000111111000000
00000000000000000000011111000000
00000000000000000000001111000000
00000000000000000000001111000000
00000000011000000000001111000000
00000000111000000000011111000000
00000000111100000000001111000000
00000000111100000000111111000000
00000000111100000001111110000000
00000000111111000111111110000000
00000000111111111111111100000000
00000000011111111111111000000000
00000000001111111111110000000000
00000000000111111111000000000000
00000000000000110010000000000000
Distacia = 62.541530310900065 Cluster = 94 Entrada(1 a 1934) = 69
00000000000000000010100000000000
00000000000001111111111000000000
00000000001111111111111000000000
00000000111111111111111100000000
00000001111111111111111110000000
00000011111111111111111110000000
00000111111111000001111110000000
00000011111100000000111110000000
00000011110000000000111110000000
00000011000000000001111110000000
00000000000000000000111110000000
00000000000000000001111110000000
00000000000000000011111100000000
00000000000000001111111000000000
00000000000000011111110000000000
00000000000001111111100000000000
00000000000111111111100000000000
00000000001111111111110000000000
00000000001111111111111000000000
00000000001111111111111100000000
00000000000111100011111100000000
00000000001110000011111110000000
00000000000000000000111111000000
00000000000000000000011111100000
00000000000000000000011111100000
00000000000000000000011111100000
00000000000100000011111111100000
00000000001111111111111110000000
00000000001111111111111110000000
00000000001111111111111000000000
00000000001111111111111000000000
00000000000111111000000000000000
Distacia = 67.40333564166616 Cluster = 82 Entrada(1 a 1934) = 66
00000000000000110001110000000000
00000000001111111111111110000000
00000000011111111111111111000000
00000000011111111111111100000000
00000000011111111110100000000000
00000000111111100000000000000000
00000001111100000000000000000000
00000001111000000000000000000000
00000000111100000000000000000000
00000000111100000001100000000000
00000001111100000011110000000000
00000001111000000011111100000000
00000011111000000111111100000000
00000001111100001111111110000000
00000000110000111111111111000000
00000000011111111111111111000000
00000000000011111000001111000000
00000000000001000000001111000000
00000000000000000000001111000000
00000000000000000000000111000000
00000000000000000000001111000000
00000000000000000000011111000000
00000000000000000000111111000000
00000000000000000000111110000000
00000000010000000011111100000000
00000000011000000011110100000000
00000000011000000111111000000000
00000000111111111111100000000000
00000000011111111111000000000000
00000000011111111111000000000000
00000000000111111100000000000000
00000000000010100000000000000000
Distacia = 81.14313200297015 Cluster = 82 Entrada(1 a 1934) = 23
00000000000000110001110000000000
00000000001111111111111110000000
00000000011111111111111111000000
00000000011111111111111100000000
00000000011111111110100000000000
00000000111111100000000000000000
00000001111100000000000000000000
00000001111000000000000000000000
00000000111100000000000000000000
00000000111100000001100000000000
00000001111100000011110000000000
00000001111000000011111100000000
00000011111000000111111100000000
00000001111100001111111110000000
00000000110000111111111111000000
00000000011111111111111111000000
00000000000011111000001111000000
00000000000001000000001111000000
00000000000000000000001111000000
00000000000000000000000111000000
00000000000000000000001111000000
00000000000000000000011111000000
00000000000000000000111111000000
00000000000000000000111110000000
00000000010000000011111100000000
00000000011000000011110100000000
00000000011000000111111000000000
00000000111111111111100000000000
00000000011111111111000000000000
00000000011111111111000000000000
00000000000111111100000000000000
00000000000010100000000000000000
Distacia = 86.7976761992096 Cluster = 82 Entrada(1 a 1934) = 41
00000000000000110001110000000000
00000000001111111111111110000000
00000000011111111111111111000000
00000000011111111111111100000000
00000000011111111110100000000000
00000000111111100000000000000000
00000001111100000000000000000000
00000001111000000000000000000000
00000000111100000000000000000000
00000000111100000001100000000000
00000001111100000011110000000000
00000001111000000011111100000000
00000011111000000111111100000000
00000001111100001111111110000000
00000000110000111111111111000000
00000000011111111111111111000000
00000000000011111000001111000000
00000000000001000000001111000000
00000000000000000000001111000000
00000000000000000000000111000000
00000000000000000000001111000000
00000000000000000000011111000000
00000000000000000000111111000000
00000000000000000000111110000000
00000000010000000011111100000000
00000000011000000011110100000000
00000000011000000111111000000000
00000000111111111111100000000000
00000000011111111111000000000000
00000000011111111111000000000000
00000000000111111100000000000000
00000000000010100000000000000000
